temperature,wear_level,power_on_hours,write_cycles,ECC_error_rate,bad_blocks,RUL,health_status
50.0,3.2,15633,97789,0.0168,1,9408,Healthy
43.6,46.9,44233,20058,0.0232,2,5725,Warning
51.5,92.5,44967,82807,0.0012,3,1858,Critical
60.2,39.8,1416,31604,0.0162,1,6506,Healthy
42.7,62.5,38072,99102,0.0113,1,4783,Warning
42.7,78.0,21488,54086,0.0029,2,3530,Warning
60.8,78.4,13612,44920,0.0047,0,3695,Warning
52.7,51.9,784,4561,0.0431,2,5361,Warning
40.3,85.8,27264,33741,0.0411,1,2751,Warning
50.4,39.1,39308,62555,0.0007,2,6538,Healthy
40.4,88.9,11835,82197,0.0234,4,1506,Critical
40.3,24.0,35955,71093,0.0162,6,6343,Healthy
47.4,28.0,42735,44673,0.0562,1,7201,Healthy
25.9,5.3,38646,5789,0.0477,1,9513,Healthy
27.8,79.6,48897,65680,0.0173,4,2317,Warning
39.4,41.7,8179,2721,0.003,2,6547,Healthy
34.9,22.9,22512,63637,0.0123,0,8190,Healthy
48.1,23.2,35962,43442,0.0258,3,7191,Healthy
35.9,90.1,19291,22135,0.0606,3,2281,Warning
30.9,83.4,14921,53263,0.009,2,2639,Warning
59.7,55.4,7682,85062,0.0307,3,4944,Warning
42.7,61.6,9112,51572,0.023,1,4693,Warning
45.7,47.4,33755,7575,0.0016,3,5901,Warning
30.8,39.2,44788,22878,0.0163,5,6096,Healthy
39.6,91.5,38883,35584,0.0041,2,2573,Warning
46.1,12.6,14630,50926,0.023,2,8945,Healthy
33.5,41.8,20477,79717,0.0188,3,6255,Healthy
48.8,34.5,45321,32084,0.0723,1,7059,Healthy
39.0,49.8,21753,31745,0.0548,3,4807,Warning
42.1,45.8,40376,59459,0.0002,1,6149,Healthy
39.0,51.9,20480,5483,0.0017,2,4837,Warning
63.5,14.0,656,98285,0.0293,3,7871,Healthy
44.9,51.3,26890,97427,0.0231,4,5303,Warning
34.4,24.2,9000,31397,0.0323,1,7471,Healthy
53.2,18.4,33585,41102,0.0062,1,8460,Healthy
32.8,6.5,36533,86038,0.0379,3,8786,Healthy
47.1,76.3,13991,76534,0.0117,2,3430,Warning
25.4,42.7,43204,49911,0.0061,1,6268,Healthy
31.7,62.7,15114,69242,0.0002,1,4935,Warning
47.0,72.8,6647,78966,0.041,2,3643,Warning
52.4,67.9,38064,76356,0.0153,0,4420,Warning
46.7,47.1,30032,94050,0.0741,1,6079,Healthy
43.8,38.8,44839,97853,0.0251,2,6447,Healthy
42.0,37.6,20363,38626,0.0017,0,6647,Healthy
30.2,64.0,19420,92788,0.0177,4,4033,Warning
37.8,49.5,48084,70543,0.0003,2,5252,Warning
40.4,84.9,43474,56110,0.0163,2,2791,Warning
55.6,87.5,39559,24425,0.0086,0,3360,Warning
48.4,17.1,7145,36776,0.0206,0,8333,Healthy
27.4,13.6,43355,24189,0.0156,1,8947,Healthy
48.2,63.0,1337,64442,0.0061,1,4935,Warning
41.1,30.1,43177,54646,0.0035,1,6926,Healthy
38.2,1.9,39340,15738,0.0104,1,9672,Healthy
51.1,88.9,36426,60924,0.0866,5,2156,Warning
55.3,22.7,5393,25307,0.0114,4,7194,Healthy
54.3,92.9,25374,74957,0.0276,0,2347,Warning
36.6,71.7,19337,11704,0.0012,3,3409,Warning
41.9,76.3,28484,65745,0.0095,2,3563,Warning
48.3,20.1,31093,39067,0.0174,2,7485,Healthy
54.8,23.4,12911,36197,0.0278,4,6939,Healthy
40.2,52.1,18329,90929,0.015,1,5353,Warning
43.1,17.2,39230,2030,0.0145,4,7239,Healthy
33.9,30.5,13411,97277,0.0289,3,6430,Healthy
33.0,32.1,23140,24797,0.0075,4,6351,Healthy
53.1,16.0,3282,75338,0.0019,1,8418,Healthy
58.6,20.5,47166,49406,0.0085,2,8333,Healthy
44.3,78.9,49715,66751,0.0035,3,3400,Warning
55.0,16.7,5860,75569,0.0676,1,8530,Healthy
48.6,2.8,7360,61248,0.0172,1,10000,Healthy
38.5,62.9,33318,40795,0.0118,1,4732,Warning
48.6,97.6,46575,52964,0.0486,2,1986,Critical
60.4,33.1,2015,7723,0.0461,0,7180,Healthy
44.6,11.9,9215,13921,0.0107,5,8234,Healthy
60.6,57.0,7176,93732,0.0415,3,4602,Warning
20.0,90.6,14914,14566,0.0013,2,1785,Critical
53.2,78.4,33183,22076,0.0434,2,3200,Warning
45.9,62.3,4893,82621,0.0074,2,5003,Warning
42.0,31.5,1362,2640,0.0167,1,6731,Healthy
45.9,54.2,9419,59516,0.0063,1,5153,Warning
25.1,9.1,13294,41878,0.0837,0,9259,Healthy
42.8,67.9,19409,7870,0.0015,4,3941,Warning
48.6,72.5,28860,52250,0.0118,1,4273,Warning
59.8,96.5,27098,95552,0.0194,4,1766,Critical
39.8,26.0,3568,12522,0.0191,0,7896,Healthy
36.9,1.8,46742,59722,0.0268,2,9051,Healthy
40.0,54.6,12751,18828,0.0258,1,5700,Warning
54.2,70.7,20505,3429,0.0315,3,3454,Warning
48.3,79.0,14582,44227,0.0053,3,2782,Warning
39.7,19.4,4509,69419,0.0093,1,8724,Healthy
50.1,26.2,647,53192,0.0096,3,7199,Healthy
46.0,51.3,37759,50045,0.0624,1,5713,Warning
54.7,33.1,20007,93468,0.0105,1,7424,Healthy
38.0,86.1,23526,77147,0.005,2,2740,Warning
41.7,47.4,42589,48838,0.02,2,5819,Warning
41.1,80.0,14536,60462,0.0111,3,3473,Warning
30.4,58.1,16590,97935,0.0058,2,4659,Warning
48.0,77.3,29062,23661,0.0251,4,3035,Warning
47.6,33.3,38336,9323,0.0043,0,7451,Healthy
45.1,83.1,29388,93468,0.0201,2,2275,Warning
42.7,27.5,22336,33589,0.0113,0,7579,Healthy
30.8,54.6,15023,61350,0.0077,1,5043,Warning
40.8,21.4,1350,21553,0.0584,2,8098,Healthy
41.6,47.6,13364,17947,0.0078,2,5817,Warning
37.0,31.8,1711,90341,0.0085,2,6997,Healthy
43.4,26.7,8028,3611,0.0409,2,7358,Healthy
49.0,96.7,34658,59320,0.0028,5,1595,Critical
63.9,16.0,967,93529,0.0023,2,8283,Healthy
46.7,78.7,31789,77021,0.0066,3,3185,Warning
47.6,98.4,45313,69122,0.0179,1,1664,Critical
44.3,2.0,33195,53463,0.0097,2,9695,Healthy
25.8,69.9,3916,53003,0.0188,1,4504,Warning
44.7,25.3,32726,89500,0.0035,1,7283,Healthy
45.6,4.0,36016,42418,0.0061,4,8713,Healthy
69.6,40.3,47938,72368,0.0167,0,6465,Healthy
43.1,93.5,11673,43042,0.0049,0,2572,Warning
48.0,1.2,43434,69212,0.011,3,9335,Healthy
44.7,58.8,19039,2916,0.017,2,5064,Warning
33.3,50.1,13257,40936,0.0727,4,4911,Warning
56.4,87.3,9422,74687,0.0017,1,2784,Warning
52.5,8.4,2582,10986,0.0123,2,8790,Healthy
52.9,68.2,35967,19195,0.0101,2,3721,Warning
35.9,68.0,44380,1729,0.0348,2,3779,Warning
59.0,66.9,13775,67566,0.0461,3,3415,Warning
31.0,94.2,30520,42847,0.0475,0,2792,Warning
50.9,82.3,42616,1863,0.0094,2,2631,Warning
66.9,4.2,11835,82872,0.0073,1,9340,Healthy
35.1,47.1,13950,86324,0.0119,3,6082,Healthy
39.3,39.8,6832,88416,0.0084,1,6444,Healthy
46.0,31.0,40853,46369,0.0254,1,7550,Healthy
40.0,45.1,45568,50229,0.0048,1,6058,Healthy
29.5,38.4,38922,20803,0.0215,4,6189,Healthy
45.7,43.2,49820,73353,0.0523,0,6408,Healthy
34.4,97.9,34522,3764,0.0066,1,1586,Critical
49.7,8.9,32831,18815,0.0226,2,9436,Healthy
35.8,92.2,11528,78729,0.0031,4,2114,Warning
60.5,48.0,11411,82602,0.0026,3,5489,Warning
37.2,62.4,3833,61021,0.0025,1,4526,Warning
41.8,83.0,39679,25311,0.003,1,2895,Warning
53.1,36.0,8442,33905,0.0049,1,6815,Healthy
32.7,43.0,10564,52657,0.0165,1,6051,Healthy
47.3,41.0,48614,60323,0.0291,3,6086,Healthy
58.1,37.5,45411,20356,0.0027,3,6777,Healthy
28.9,92.6,10400,93402,0.0408,2,1995,Critical
46.8,82.9,34663,47470,0.037,2,3332,Warning
47.6,10.9,49060,51287,0.026,4,7971,Healthy
52.8,10.8,13808,76674,0.0111,1,9233,Healthy
32.6,42.8,28190,86852,0.0,1,6710,Healthy
31.8,9.9,49251,21098,0.0265,0,9500,Healthy
50.2,61.9,41408,43041,0.0422,1,4936,Warning
48.0,14.4,16428,11152,0.0082,3,8220,Healthy
47.5,52.2,26754,17463,0.0253,4,5274,Warning
48.5,0.7,6314,32723,0.0013,3,9386,Healthy
38.2,31.7,39013,31524,0.0247,1,7275,Healthy
47.3,67.7,27652,4441,0.0014,3,3691,Warning
47.9,48.4,35477,74423,0.0177,1,5630,Warning
37.9,97.8,25834,74560,0.0182,4,1507,Critical
63.7,87.4,24821,42117,0.0072,4,2093,Warning
49.7,35.9,18710,91315,0.0016,3,6746,Healthy
33.1,4.5,13722,55204,0.0597,0,9862,Healthy
51.6,84.6,28975,26525,0.0153,2,2412,Warning
35.3,91.1,23326,83672,0.0173,1,2277,Warning
52.9,82.1,27777,43724,0.0191,1,2981,Warning
56.6,12.8,10398,13777,0.0443,1,9188,Healthy
36.8,99.8,35948,49218,0.0012,0,1974,Critical
54.6,25.9,33855,41495,0.0448,3,7391,Healthy
49.1,72.4,17844,8039,0.0055,1,3764,Warning
53.2,90.8,23534,33353,0.0016,2,2351,Warning
64.0,23.6,40414,27311,0.0214,2,7522,Healthy
42.5,90.8,48101,92964,0.0754,0,2118,Warning
37.5,30.9,1826,7409,0.0012,2,6943,Healthy
36.1,97.6,49017,94105,0.0111,2,1847,Critical
36.8,28.1,14368,53933,0.0151,1,8556,Healthy
44.2,95.3,46845,46584,0.0058,4,1179,Critical
48.4,5.4,1007,74069,0.0813,4,8659,Healthy
47.8,70.9,25859,57316,0.0205,2,3980,Warning
53.3,53.2,13864,11248,0.0372,7,4554,Warning
45.1,47.8,24509,71102,0.0107,1,5855,Warning
59.5,22.3,8490,62965,0.0087,2,7633,Healthy
42.4,70.6,30272,49908,0.0161,3,3963,Warning
72.2,19.1,35323,12498,0.0114,2,8277,Healthy
51.3,55.3,38076,14264,0.0251,3,5215,Warning
36.4,25.3,40642,45879,0.0062,5,7172,Healthy
34.3,95.6,47424,81894,0.0119,2,1468,Critical
49.8,2.9,48296,60088,0.0451,0,9947,Healthy
42.8,20.0,3465,83113,0.0282,2,8019,Healthy
52.1,24.2,25936,62898,0.0037,2,6987,Healthy
49.7,41.4,28654,76293,0.0436,4,6025,Healthy
44.3,23.3,21763,47710,0.0178,1,7790,Healthy
36.5,49.1,6051,45060,0.0227,0,6352,Healthy
29.9,87.2,15275,69701,0.007,2,2543,Warning
40.5,71.2,11127,17234,0.0117,1,4265,Warning
53.6,58.0,42373,74876,0.0329,0,5473,Warning
47.1,8.9,10194,78098,0.008,3,8359,Healthy
32.5,69.4,23181,73080,0.0036,4,4044,Warning
46.7,16.6,12267,2563,0.0095,6,7214,Healthy
48.9,78.6,8869,22813,0.0014,1,3232,Warning
36.2,25.0,23160,27587,0.0253,2,7876,Healthy
46.5,41.7,1120,46279,0.0032,4,5914,Warning
45.6,35.0,11945,40681,0.0067,0,7844,Healthy
33.6,85.9,36712,18705,0.0426,1,2550,Warning
48.6,12.7,36441,12964,0.0156,2,8774,Healthy
50.6,56.6,10585,27632,0.0078,4,4800,Warning
55.8,14.2,38310,51237,0.0159,4,8428,Healthy
55.5,70.5,8014,69785,0.0049,2,4394,Warning
31.2,90.5,40819,65049,0.0005,1,2783,Warning
35.6,43.5,8902,35806,0.0185,2,6262,Healthy
50.2,48.8,41388,26092,0.025,2,5670,Warning
50.1,92.7,33414,84487,0.0424,1,2345,Warning
50.2,52.1,48398,94294,0.0296,2,5672,Warning
80.0,48.8,19665,45258,0.0523,2,5824,Warning
50.7,57.8,27717,98892,0.0853,2,5064,Warning
56.4,68.9,41866,87657,0.0273,2,4037,Warning
54.5,10.7,25709,7077,0.0405,4,7893,Healthy
51.5,82.1,44333,85730,0.0224,4,2420,Warning
41.8,43.6,20471,8763,0.0037,1,6143,Healthy
52.6,7.2,48484,83241,0.004,2,9089,Healthy
37.3,78.6,19224,8572,0.0023,3,3439,Warning
42.6,37.7,12817,61314,0.0573,2,6504,Healthy
40.1,10.0,48293,45806,0.0223,5,7914,Healthy
45.8,63.4,37769,6191,0.0312,1,4160,Warning
68.1,88.0,26372,88149,0.008,1,2620,Warning
26.3,88.8,11942,2453,0.0123,2,2193,Warning
51.9,95.8,38576,70999,0.0008,1,2386,Warning
28.9,86.8,2182,93905,0.044,2,2823,Warning
40.3,0.2,26361,77481,0.0383,0,9712,Healthy
55.9,38.0,21070,38259,0.0307,1,6830,Healthy
45.6,81.9,9895,20685,0.0012,1,3280,Warning
34.2,36.6,45409,74483,0.0038,0,6760,Healthy
37.8,60.2,33128,35199,0.0081,0,5294,Warning
51.8,60.6,20280,99676,0.0061,0,5167,Warning
37.7,36.5,46435,73990,0.0365,3,6692,Healthy
47.2,90.4,27451,54239,0.0043,1,2531,Warning
45.5,50.3,38850,56131,0.0152,2,5993,Warning
38.5,46.5,33368,18445,0.0169,2,5692,Warning
66.4,99.8,1115,38794,0.0111,3,991,Critical
51.3,49.4,43393,13420,0.0055,0,6110,Healthy
24.7,17.8,24589,96020,0.0645,1,8669,Healthy
46.9,51.3,36831,54109,0.0107,3,4953,Warning
38.4,81.4,11966,71596,0.026,2,2985,Warning
53.5,77.7,45115,81425,0.0041,3,3358,Warning
37.1,78.9,35574,62858,0.0346,3,2394,Warning
43.9,70.8,15372,24765,0.0049,0,4991,Warning
50.0,25.4,32261,73751,0.0225,2,7627,Healthy
53.7,86.2,2199,85104,0.0141,2,2565,Warning
33.0,89.3,6486,9938,0.0032,0,3103,Warning
41.7,19.4,5438,71279,0.0005,1,8258,Healthy
40.3,13.0,8400,29129,0.0534,0,8749,Healthy
38.5,97.6,21500,62942,0.0027,1,2226,Warning
62.7,86.8,24741,4585,0.0244,1,2943,Warning
49.0,89.3,4397,83426,0.0212,0,2256,Warning
32.4,88.6,19432,25013,0.0084,2,2393,Warning
54.2,54.2,41273,60584,0.0041,1,5300,Warning
66.2,64.6,47962,86730,0.0039,1,4521,Warning
55.3,54.5,15301,64105,0.0176,0,5716,Warning
29.8,5.1,45482,62166,0.0158,3,8309,Healthy
40.2,74.6,46229,80920,0.0417,5,3284,Warning
57.7,50.5,33908,68912,0.0204,0,5772,Warning
37.9,64.8,12910,92243,0.0342,0,5014,Warning
49.4,50.3,8088,51678,0.0007,1,5610,Warning
52.7,49.2,40427,71592,0.0222,5,4948,Warning
35.7,17.2,19679,86527,0.0053,3,8585,Healthy
44.4,27.9,21583,38509,0.0058,3,6853,Healthy
20.0,15.9,603,64476,0.0255,4,7748,Healthy
34.8,19.6,5444,32725,0.0315,0,8206,Healthy
42.5,97.3,9047,38937,0.0093,1,2490,Warning
32.5,15.3,9633,71435,0.0312,1,8148,Healthy
61.3,26.9,47676,14148,0.0117,1,7895,Healthy
30.7,59.1,41016,96923,0.039,2,4350,Warning
40.6,61.0,47023,43436,0.0005,1,4536,Warning
46.3,15.4,15293,40763,0.0017,1,8329,Healthy
59.4,79.4,1481,48873,0.03,0,3519,Warning
30.6,78.5,7112,53314,0.0196,2,3606,Warning
56.6,23.7,15313,65637,0.0164,3,7413,Healthy
45.1,28.9,27663,87840,0.019,3,7226,Healthy
35.2,93.8,15312,96955,0.0532,3,1646,Critical
49.6,82.6,30224,47472,0.0213,2,2992,Warning
47.0,69.8,46676,28647,0.0209,2,4307,Warning
39.0,8.2,10811,19795,0.0285,3,8903,Healthy
45.7,41.8,30366,7397,0.0403,2,6381,Healthy
41.1,55.9,48041,77312,0.0061,3,4363,Warning
46.1,18.7,9615,38753,0.0192,1,8096,Healthy
51.6,44.8,20293,6338,0.0175,4,5635,Warning
60.9,60.1,44807,83193,0.0029,2,4725,Warning
32.6,32.7,2231,68180,0.0147,3,6609,Healthy
66.3,78.1,2524,80442,0.0014,1,3291,Warning
25.5,84.0,44444,26914,0.0041,3,2968,Warning
43.5,32.4,21923,39248,0.0488,1,7264,Healthy
50.9,83.9,9300,61657,0.0025,1,3351,Warning
47.8,10.4,23131,29983,0.0173,6,8665,Healthy
38.8,83.8,3316,12013,0.0078,2,2332,Warning
42.9,15.3,45694,56049,0.0162,3,8241,Healthy
40.1,8.3,116,45302,0.0054,3,8660,Healthy
39.1,64.2,37538,26951,0.0118,2,4807,Warning
53.5,47.2,26478,41409,0.0404,2,6081,Healthy
48.6,90.8,35491,48591,0.0094,1,2484,Warning
38.1,36.3,31834,52889,0.0087,2,6726,Healthy
54.0,28.7,13450,41463,0.0118,5,6997,Healthy
48.1,50.1,49381,55234,0.0021,2,5808,Warning
53.1,45.6,14550,88708,0.0098,1,6690,Healthy
51.3,34.4,1573,78667,0.0001,3,6725,Healthy
36.7,69.4,25625,66009,0.014,1,4136,Warning
39.4,76.0,28672,32791,0.0377,2,3225,Warning
52.5,85.3,42128,22317,0.0161,3,2622,Warning
51.1,97.3,37179,77468,0.0187,2,1518,Critical
44.8,26.7,30210,84987,0.0006,0,7902,Healthy
46.2,71.6,35604,74166,0.0393,1,4552,Warning
57.8,39.4,26988,89172,0.0097,3,6529,Healthy
39.1,67.7,2046,3059,0.0737,4,3298,Warning
50.5,47.6,22043,15244,0.0026,1,5441,Warning
43.0,99.4,15840,31655,0.0579,5,480,Critical
42.8,72.9,26545,21521,0.0201,1,3770,Warning
56.0,95.2,49552,83032,0.0011,1,2080,Warning
53.3,83.5,9276,57398,0.0713,5,2585,Warning
53.1,90.3,29966,79223,0.0003,1,2818,Warning
58.1,81.4,44751,51536,0.0262,2,3230,Warning
45.2,45.9,37369,53676,0.0441,4,5301,Warning
51.8,25.2,11718,58899,0.0039,1,7613,Healthy
41.9,37.0,24836,18506,0.0084,2,6427,Healthy
48.2,2.0,38782,82411,0.0165,0,10000,Healthy
43.7,52.4,24701,52934,0.0228,2,5199,Warning
46.0,50.5,32950,96194,0.0411,3,4878,Warning
51.0,52.5,41232,65091,0.0286,1,5518,Warning
36.8,97.4,5904,3569,0.009,2,2266,Warning
65.9,91.1,19625,6986,0.0345,3,2053,Warning
34.9,16.2,45161,83675,0.0677,0,8621,Healthy
32.9,36.9,27519,65889,0.0051,0,6646,Healthy
56.6,42.4,23846,35928,0.0015,3,6169,Healthy
52.9,36.1,12912,29300,0.0111,1,7203,Healthy
51.2,79.8,26786,91654,0.0426,2,3116,Warning
51.3,52.4,35952,37720,0.0033,2,5628,Warning
44.9,57.2,2145,56754,0.0434,1,4280,Warning
36.0,85.3,25436,12369,0.0971,2,3159,Warning
45.8,80.6,49456,4676,0.0011,1,3385,Warning
38.2,13.2,46052,36954,0.0137,3,8120,Healthy
54.8,71.4,30560,92516,0.008,5,3160,Warning
43.5,43.5,47243,97536,0.01,1,6959,Healthy
36.7,29.5,21768,71273,0.012,3,7098,Healthy
41.8,5.0,34420,26953,0.0269,0,9686,Healthy
49.1,48.7,40684,57313,0.0179,1,5899,Warning
39.4,35.5,32675,66826,0.065,2,6527,Healthy
36.8,25.2,33692,48095,0.0081,2,7143,Healthy
47.4,69.5,36616,41684,0.0156,0,4653,Warning
47.4,76.9,5678,52686,0.0336,2,3305,Warning
39.9,24.5,38065,80790,0.0093,0,8003,Healthy
40.3,4.9,41898,79103,0.0125,2,9513,Healthy
47.3,84.9,21179,17109,0.0231,3,2814,Warning
30.5,1.0,1037,94017,0.0394,3,9149,Healthy
30.9,93.7,7695,85599,0.0107,2,2244,Warning
37.8,62.8,524,75039,0.0152,5,4185,Warning
42.9,32.2,44370,27568,0.0739,2,6729,Healthy
48.1,24.6,3151,47496,0.0009,3,7302,Healthy
59.8,0.9,35773,61946,0.0119,0,10000,Healthy
53.6,23.5,31442,70259,0.0202,1,8125,Healthy
43.4,13.8,12338,89940,0.0002,1,8819,Healthy
44.8,61.2,27886,37334,0.0182,1,5004,Warning
35.0,16.7,29768,21246,0.0012,2,8140,Healthy
44.8,52.9,2794,97440,0.039,1,5259,Warning
42.1,59.0,3695,21907,0.0329,5,4397,Warning
48.2,29.8,1367,86729,0.0007,0,7410,Healthy
36.7,3.5,521,99050,0.001,0,9582,Healthy
50.2,3.7,19750,88157,0.028,2,8729,Healthy
60.3,2.6,7117,26903,0.0092,2,9204,Healthy
43.9,73.9,9949,12137,0.0171,0,3945,Warning
49.0,31.8,23613,9112,0.0063,3,6555,Healthy
51.9,79.6,49217,30910,0.0038,2,2957,Warning
41.0,43.2,44999,5660,0.007,0,6565,Healthy
47.2,45.3,41744,60608,0.0057,3,5931,Warning
45.1,51.3,2326,8228,0.0119,5,5051,Warning
46.0,71.3,4488,70274,0.0275,1,4258,Warning
37.3,27.4,2522,92800,0.0162,2,7698,Healthy
45.2,12.2,40094,64094,0.0188,0,9382,Healthy
50.0,55.6,9369,18964,0.0127,1,5289,Warning
59.5,32.7,12277,32443,0.0079,3,6639,Healthy
54.6,44.2,12132,31338,0.0031,0,6682,Healthy
66.5,64.7,44376,6419,0.0088,3,3784,Warning
37.3,49.4,7416,37592,0.0219,2,5597,Warning
53.7,62.0,2943,8297,0.0265,3,4157,Warning
46.8,54.4,28115,52387,0.0127,2,4996,Warning
66.9,74.0,4211,88503,0.0207,3,3300,Warning
36.9,70.6,45331,89772,0.0047,1,4359,Warning
36.6,53.4,22143,75057,0.0393,1,6130,Healthy
39.0,67.9,30201,3558,0.0402,0,4761,Warning
23.8,87.4,46646,75077,0.0077,2,2047,Warning
39.7,43.2,37092,67189,0.0159,0,6461,Healthy
37.4,41.3,27970,78057,0.0187,2,6086,Healthy
46.5,76.4,37847,27758,0.0128,3,2965,Warning
48.4,58.3,49677,19859,0.0484,4,4437,Warning
63.8,7.1,35269,92214,0.0269,1,8988,Healthy
54.5,89.2,41809,13414,0.0223,0,2598,Warning
39.2,3.1,29515,8036,0.0147,2,9545,Healthy
36.0,74.8,15785,55571,0.0018,2,3667,Warning
49.9,75.9,16063,34248,0.0023,3,3815,Warning
31.8,95.3,29798,39948,0.0071,4,1201,Critical
63.3,5.4,29250,46632,0.0048,3,8527,Healthy
56.8,59.7,49295,76522,0.061,4,4267,Warning
40.3,42.8,21526,2884,0.0105,3,5818,Warning
27.9,33.1,6135,44812,0.0418,0,7509,Healthy
58.5,9.0,7171,76823,0.0341,2,8968,Healthy
43.9,56.3,20678,34634,0.0335,1,5442,Warning
57.4,47.9,28144,83682,0.0049,1,5496,Warning
29.1,10.5,28942,60620,0.0119,0,9073,Healthy
39.0,61.2,16631,61092,0.0077,2,4124,Warning
45.1,73.8,2270,72223,0.0704,2,3945,Warning
45.5,76.7,24787,74531,0.0419,0,3570,Warning
40.5,90.5,37986,10385,0.0058,0,2742,Warning
51.2,40.9,7397,19200,0.0075,1,6073,Healthy
34.3,95.3,4263,15518,0.0151,2,1716,Critical
43.6,86.5,40894,96464,0.0065,5,1977,Critical
46.2,29.7,41887,95107,0.0348,5,6559,Healthy
50.1,15.9,42812,57561,0.0342,2,8318,Healthy
52.1,43.5,35807,31822,0.0258,2,6302,Healthy
33.8,40.2,38595,50573,0.0234,4,6273,Healthy
29.7,57.6,44788,73150,0.0159,1,5378,Warning
57.8,58.3,24548,72610,0.0085,2,4960,Warning
48.3,75.0,3716,25496,0.0363,1,3574,Warning
37.5,51.0,38273,92790,0.0392,5,4799,Warning
60.5,10.5,31848,69845,0.001,3,8548,Healthy
46.2,85.8,28399,46804,0.0102,3,2627,Warning
56.8,31.0,43337,83586,0.0005,3,6667,Healthy
45.7,97.1,41219,29749,0.0366,1,1952,Critical
65.6,11.8,11657,87449,0.0039,1,9114,Healthy
62.6,95.8,38748,70723,0.0224,1,2400,Warning
42.5,9.1,14196,21623,0.0088,1,8938,Healthy
54.7,23.1,33881,33595,0.0339,4,7152,Healthy
51.5,4.7,8843,93471,0.0143,1,9449,Healthy
58.7,70.5,7491,87658,0.0078,0,4330,Warning
35.4,85.0,9455,76321,0.0078,1,2444,Warning
51.9,43.4,5347,60685,0.0079,0,7040,Healthy
55.6,92.9,40386,90963,0.0311,4,1540,Critical
27.4,59.0,6390,54384,0.0248,2,4711,Warning
33.2,63.0,34176,5791,0.0077,2,4176,Warning
24.6,84.5,42552,41693,0.0135,0,3527,Warning
42.3,29.7,25917,3622,0.0016,3,6816,Healthy
52.2,35.4,45591,5376,0.0351,1,7055,Healthy
60.0,90.6,37695,85148,0.0062,4,2135,Warning
45.7,90.1,32927,75160,0.044,1,2357,Warning
61.3,97.6,26309,57647,0.0182,4,1141,Critical
31.2,90.2,39854,2323,0.0168,1,2645,Warning
28.0,12.7,32218,53152,0.0036,2,7980,Healthy
44.4,82.4,43511,58704,0.0014,1,3409,Warning
48.8,41.0,15316,50882,0.0161,3,6028,Healthy
44.7,99.1,7960,10887,0.0126,3,1241,Critical
24.3,47.2,13525,51675,0.0025,1,5854,Warning
44.1,55.4,13906,19480,0.0361,1,5264,Warning
32.0,53.0,47818,24724,0.0108,0,5627,Warning
51.7,32.2,25011,7621,0.006,3,7236,Healthy
48.7,7.5,25506,68466,0.031,1,8824,Healthy
35.6,89.6,34460,73990,0.0489,4,1701,Critical
39.9,80.3,14564,12381,0.0073,1,3378,Warning
34.4,14.0,30687,82953,0.0299,4,8390,Healthy
44.4,77.7,38965,83676,0.0211,1,3452,Warning
54.6,62.6,6558,51309,0.0916,5,3617,Warning
35.1,40.9,9251,78121,0.0046,3,6146,Healthy
50.0,25.4,37034,92295,0.0647,2,7704,Healthy
39.7,86.0,6588,23597,0.0076,1,3099,Warning
37.1,70.0,24641,3478,0.0106,1,3786,Warning
43.9,54.8,21903,4832,0.0089,0,5793,Warning
34.6,61.0,43283,86073,0.0063,3,4383,Warning
39.5,9.1,44876,15589,0.0236,4,8014,Healthy
33.0,47.4,24818,57304,0.0178,3,5873,Warning
64.6,19.4,11270,65252,0.0073,1,7760,Healthy
45.4,20.8,17530,23984,0.0028,0,7919,Healthy
38.0,66.1,47384,60908,0.0076,0,5008,Warning
47.1,91.1,9360,80044,0.0096,1,2063,Warning
43.9,40.4,7736,54518,0.0096,4,5767,Warning
42.8,20.8,37055,18648,0.0088,4,7251,Healthy
51.1,64.9,36208,4330,0.001,0,4744,Warning
52.6,87.1,39045,68994,0.0125,4,2000,Critical
39.7,74.8,16041,26498,0.0362,1,3472,Warning
39.2,86.9,3535,67576,0.004,1,2978,Warning
42.2,53.7,28455,31177,0.0031,1,5696,Warning
22.0,75.2,7400,29601,0.0128,3,3111,Warning
29.8,14.0,45537,7553,0.0093,0,8979,Healthy
58.7,34.8,22283,6170,0.0165,2,7555,Healthy
61.4,39.0,33833,10781,0.0588,1,6618,Healthy
42.5,51.1,7544,84158,0.0286,2,5480,Warning
50.8,92.9,25855,53841,0.0232,4,1719,Critical
48.1,87.4,43494,68569,0.0108,2,2607,Warning
75.8,13.5,23162,11256,0.0068,3,8300,Healthy
56.2,17.3,14710,65575,0.0155,3,7462,Healthy
43.7,35.8,600,54921,0.0433,4,6384,Healthy
35.4,29.1,4654,60608,0.0419,2,7035,Healthy
28.9,61.5,49301,65823,0.0118,1,4543,Warning
47.0,90.3,25645,91110,0.0057,0,2349,Warning
37.4,96.2,46159,84838,0.0051,0,1953,Critical
30.8,65.4,6871,93358,0.0007,2,4871,Warning
38.5,83.8,17599,17548,0.037,1,2873,Warning
34.2,52.5,4032,53106,0.0062,1,5435,Warning
61.9,20.8,26155,10376,0.0089,1,8406,Healthy
53.8,52.5,37302,58575,0.0331,2,5621,Warning
44.9,55.5,27800,15671,0.0026,0,5377,Warning
59.8,74.2,3667,42704,0.0124,3,3145,Warning
45.8,22.0,1758,5666,0.0026,2,8284,Healthy
36.4,36.8,42936,76402,0.0117,0,7190,Healthy
60.2,36.4,47029,86294,0.001,2,6504,Healthy
50.4,95.9,40812,44234,0.0146,2,2345,Warning
34.6,44.4,26727,79019,0.0318,3,5692,Warning
43.1,75.5,38668,91751,0.0226,0,3720,Warning
36.2,75.1,20860,97121,0.0142,2,3252,Warning
31.2,26.6,30085,64941,0.0353,5,6441,Healthy
54.3,57.2,14508,45578,0.0052,3,4866,Warning
64.1,89.4,29932,28278,0.0355,1,1629,Critical
31.0,47.5,40885,77426,0.0065,4,5016,Warning
50.6,94.5,35683,21424,0.009,5,1412,Critical
38.5,21.4,33838,46332,0.0027,3,8031,Healthy
40.1,7.4,24304,66743,0.0021,3,8984,Healthy
39.1,89.1,13385,25548,0.0538,2,2784,Warning
36.4,84.8,33075,33315,0.0042,1,2973,Warning
45.5,99.3,16743,35182,0.0081,3,2064,Warning
36.7,67.9,5125,17989,0.0151,2,3650,Warning
47.7,93.7,37226,59734,0.0086,3,1669,Critical
44.5,82.7,16988,58201,0.0408,3,2987,Warning
42.6,84.4,45358,17451,0.0462,0,3242,Warning
35.9,56.9,34627,50518,0.0079,1,4978,Warning
39.2,38.2,23998,11952,0.0019,5,6023,Healthy
52.6,93.5,47169,29135,0.0047,3,1733,Critical
50.0,43.2,14487,98783,0.0129,2,5990,Warning
35.2,53.9,46535,99832,0.0068,1,6048,Healthy
46.0,44.6,3894,28433,0.0121,1,6521,Healthy
52.5,56.5,3690,35081,0.0284,3,5040,Warning
28.3,47.1,14798,38781,0.0109,2,5992,Warning
50.4,4.8,12432,21687,0.0044,3,8674,Healthy
38.4,88.2,39838,23453,0.0089,1,2445,Warning
50.7,44.4,9693,34318,0.0272,4,5800,Warning
37.4,58.9,30207,25202,0.011,1,5360,Warning
27.0,13.9,31590,6778,0.0057,2,8773,Healthy
28.7,0.3,36197,45066,0.0112,1,9620,Healthy
45.5,24.5,11136,60222,0.0121,1,7559,Healthy
47.6,70.5,28661,18536,0.007,4,3683,Warning
36.0,9.9,14472,25083,0.1089,1,8462,Healthy
51.4,90.9,34960,70744,0.0292,3,1958,Critical
28.4,21.5,19451,9976,0.0236,2,8195,Healthy
44.3,20.5,30427,71354,0.0386,1,7953,Healthy
32.9,18.2,18159,95305,0.022,1,8542,Healthy
38.5,1.4,27288,39127,0.0313,1,9031,Healthy
45.5,77.2,33155,45941,0.0106,1,3549,Warning
36.4,87.5,2416,25254,0.0139,0,2646,Warning
41.2,61.4,16359,65251,0.001,2,4095,Warning
55.1,18.8,35706,20479,0.0066,2,7879,Healthy
39.2,28.5,11929,70946,0.0092,2,7273,Healthy
53.4,47.6,8237,61661,0.0196,4,5265,Warning
33.7,95.4,24602,36522,0.0125,1,2194,Warning
50.3,24.7,27304,63757,0.0187,3,7553,Healthy
59.4,73.2,1365,4953,0.025,1,4031,Warning
20.3,43.9,35851,52075,0.0009,1,6266,Healthy
37.0,29.8,22385,57760,0.006,4,6908,Healthy
50.8,45.6,24415,87217,0.0037,5,4914,Warning
43.0,7.1,47557,89401,0.0042,4,8242,Healthy
48.7,79.9,46975,92362,0.014,3,2663,Warning
39.0,24.3,41011,41205,0.0269,0,8030,Healthy
45.9,72.5,40898,56333,0.0064,4,3640,Warning
43.4,6.8,45990,54529,0.0348,1,9714,Healthy
56.7,95.5,43520,4677,0.0446,4,1638,Critical
47.5,19.3,33479,69465,0.0086,5,6957,Healthy
48.4,88.3,36391,33452,0.0229,1,2810,Warning
40.9,80.9,27252,71014,0.0025,2,3355,Warning
40.1,96.8,5524,79809,0.0273,0,2072,Warning
40.7,47.8,10039,51584,0.0036,2,5678,Warning
48.9,72.7,30353,72210,0.0233,2,4030,Warning
40.8,37.1,34496,22296,0.011,2,6577,Healthy
47.9,18.4,13276,50848,0.0527,1,8302,Healthy
65.8,44.3,8007,77913,0.0125,3,5732,Warning
53.7,16.6,3472,53833,0.0006,0,9006,Healthy
41.7,98.2,27672,18222,0.0131,2,1277,Critical
57.0,9.6,24692,88591,0.0317,2,8719,Healthy
40.9,58.9,13202,79598,0.0208,2,4721,Warning
24.6,62.6,42657,72582,0.0678,1,4547,Warning
34.9,53.8,25742,25758,0.0371,4,4511,Warning
26.3,66.2,3239,12206,0.015,2,4684,Warning
41.5,11.6,11743,29443,0.0046,2,8558,Healthy
45.2,55.5,18743,64824,0.0001,0,5343,Warning
61.8,28.7,35118,22815,0.0787,1,7662,Healthy
48.3,94.0,38989,10852,0.0557,2,2021,Warning
42.8,76.2,28880,34997,0.0064,1,3179,Warning
53.3,97.3,41049,75645,0.0203,3,1021,Critical
22.9,3.8,48171,45474,0.0261,0,9631,Healthy
47.4,28.5,16767,98822,0.0173,0,7861,Healthy
52.7,19.5,30732,27728,0.037,2,7972,Healthy
30.2,1.1,38593,9382,0.0016,1,9280,Healthy
56.4,24.2,48452,16768,0.0454,1,8095,Healthy
48.4,67.9,29508,71346,0.01,2,3922,Warning
40.8,23.1,24402,24963,0.0131,1,8578,Healthy
51.3,50.9,21721,77289,0.0118,3,5267,Warning
67.7,88.8,13319,86440,0.0152,4,2231,Warning
46.8,69.4,41662,49814,0.0182,2,4367,Warning
47.5,39.5,26039,10327,0.0248,2,6499,Healthy
40.4,37.2,46980,76974,0.0149,3,6387,Healthy
36.5,45.6,44412,33562,0.0231,0,6550,Healthy
53.3,17.7,36943,91190,0.0083,2,8085,Healthy
36.4,63.4,12878,7740,0.0552,1,4732,Warning
45.7,36.4,39030,2085,0.0013,2,6629,Healthy
40.2,85.2,29970,53032,0.0158,1,2976,Warning
49.8,75.7,40504,11041,0.0018,3,3596,Warning
48.3,61.1,22221,5927,0.0117,3,4141,Warning
55.4,36.4,40870,92783,0.006,3,6342,Healthy
39.9,21.0,46321,89232,0.0553,1,7914,Healthy
42.3,77.6,30258,81656,0.0003,5,3085,Warning
35.2,48.6,23556,9533,0.0099,4,5259,Warning
40.6,22.5,47501,31570,0.0305,1,7693,Healthy
48.8,19.5,13092,49604,0.0042,3,7242,Healthy
52.6,16.5,44994,12699,0.0338,2,8585,Healthy
35.8,77.7,25490,13276,0.0393,4,2939,Warning
53.7,22.9,45958,23227,0.0246,1,7885,Healthy
58.6,52.7,16856,3431,0.0047,2,5355,Warning
49.1,45.2,22071,80879,0.0064,0,6716,Healthy
63.8,58.0,7171,56693,0.0037,0,5490,Warning
37.3,87.7,27674,6199,0.0041,1,2213,Warning
32.6,86.8,46617,58289,0.0007,0,3235,Warning
27.2,45.1,19375,87260,0.0389,2,5418,Warning
60.0,1.5,44851,27821,0.015,3,9476,Healthy
51.5,42.6,6686,61532,0.0079,1,6242,Healthy
44.4,60.6,19803,8136,0.0068,5,4364,Warning
47.8,55.8,26865,67896,0.0157,4,4963,Warning
33.7,65.1,10741,15489,0.0079,0,4593,Warning
69.5,15.4,36835,51586,0.0399,5,7723,Healthy
46.3,64.7,922,36562,0.0047,1,4692,Warning
46.1,18.3,33089,79837,0.0428,0,8279,Healthy
52.3,75.1,39748,62625,0.0218,4,2954,Warning
49.8,33.9,12229,30898,0.0628,1,7160,Healthy
47.2,71.0,15643,70783,0.0003,3,4105,Warning
37.1,4.8,26063,71274,0.0012,3,8666,Healthy
49.7,40.8,36756,3334,0.0139,0,6876,Healthy
63.8,70.5,29765,48703,0.0487,2,3840,Warning
58.5,22.7,13599,46176,0.0262,2,7962,Healthy
60.9,79.5,10452,26730,0.0195,0,3756,Warning
39.9,63.1,19754,73152,0.0006,2,4646,Warning
35.1,58.8,10217,68964,0.0087,3,4259,Warning
43.7,35.4,21177,94215,0.0085,4,6924,Healthy
45.6,48.2,45640,22634,0.0156,0,6095,Healthy
55.9,59.7,4093,8690,0.006,1,4932,Warning
28.1,47.2,19082,89864,0.0062,2,6020,Healthy
60.3,69.8,34534,4850,0.0194,3,3241,Warning
43.4,43.4,16412,34555,0.0579,3,6107,Healthy
40.7,20.2,44141,44186,0.0216,1,8453,Healthy
34.9,21.4,14438,82072,0.0221,2,7498,Healthy
28.5,0.6,30273,29200,0.0857,1,9792,Healthy
53.2,30.1,37625,72646,0.0033,4,6767,Healthy
45.7,74.9,26790,29920,0.0007,2,3723,Warning
32.1,79.4,27428,25677,0.0274,2,2770,Warning
32.0,20.2,11460,93886,0.0116,3,8143,Healthy
41.6,95.9,38983,40151,0.0112,1,2326,Warning
61.7,50.2,38305,77206,0.0051,5,4663,Warning
42.4,91.7,22725,54839,0.0141,2,2101,Warning
30.0,70.7,42140,49782,0.0117,3,4041,Warning
42.5,72.2,44994,41570,0.0085,1,4122,Warning
42.3,8.5,31950,93183,0.0117,2,8713,Healthy
20.0,22.0,16571,61203,0.0097,2,7895,Healthy
44.5,0.9,39983,25906,0.0562,1,9555,Healthy
42.7,71.6,27376,58509,0.0785,1,3628,Warning
52.0,34.4,2803,1566,0.0366,1,6938,Healthy
63.5,78.7,11251,71006,0.0929,1,3557,Warning
56.3,33.9,27098,53440,0.0062,3,6484,Healthy
42.3,81.9,4247,50969,0.037,2,3165,Warning
33.9,13.1,34615,23850,0.0104,3,8621,Healthy
70.7,17.3,8332,95271,0.0274,3,8208,Healthy
45.6,34.1,15251,4614,0.0045,5,6410,Healthy
45.1,40.8,10430,94190,0.0334,4,5534,Warning
44.8,34.9,49290,49699,0.0017,1,6930,Healthy
47.0,76.4,11376,94926,0.0063,2,3544,Warning
43.6,9.7,18635,65633,0.0345,2,8775,Healthy
39.3,35.1,36805,21745,0.0275,3,6799,Healthy
39.5,83.7,39754,43766,0.0139,3,2659,Warning
44.7,6.7,43150,90262,0.0223,3,9156,Healthy
39.6,94.2,33076,13095,0.0041,0,2724,Warning
37.9,98.6,699,93754,0.022,1,1740,Critical
46.1,8.9,3809,39718,0.0002,2,8544,Healthy
42.5,29.1,24210,25643,0.0358,4,7088,Healthy
60.0,37.2,49465,46678,0.0145,1,7186,Healthy
20.0,77.6,5823,72200,0.0576,4,2829,Warning
55.9,59.6,46872,98676,0.013,4,4547,Warning
57.5,64.4,42636,8287,0.0114,3,4515,Warning
24.3,75.8,27494,81960,0.012,2,3096,Warning
41.6,11.8,10416,65017,0.0089,2,9104,Healthy
41.3,83.3,22722,45786,0.0036,2,2826,Warning
30.9,70.6,24944,86485,0.0369,3,4192,Warning
37.2,57.7,40840,581,0.0099,2,5199,Warning
33.9,89.0,21262,3505,0.0151,4,2171,Warning
62.5,70.0,28933,74444,0.0004,4,4105,Warning
54.4,20.2,17306,834,0.0012,3,7887,Healthy
57.7,43.0,24601,77139,0.0182,2,6524,Healthy
52.2,49.4,48414,58717,0.0423,2,5837,Warning
33.7,5.5,10391,25669,0.0136,1,9209,Healthy
39.8,95.5,44662,96530,0.0036,2,1647,Critical
49.9,12.9,11759,23952,0.0025,1,9182,Healthy
32.8,69.7,25326,26754,0.046,3,3812,Warning
52.1,50.6,40851,69933,0.0242,3,5526,Warning
42.6,2.6,6600,57610,0.0677,1,9666,Healthy
41.3,92.5,1734,57753,0.0017,2,2354,Warning
52.1,85.2,14159,70684,0.0466,2,2964,Warning
49.4,52.4,4914,75710,0.0374,3,5154,Warning
41.4,22.9,4176,83202,0.0447,7,7172,Healthy
56.6,12.2,41258,92746,0.0001,0,9393,Healthy
34.2,36.3,38310,20470,0.0271,5,5934,Warning
51.2,25.5,26031,4294,0.0159,3,7206,Healthy
50.9,50.7,32107,29684,0.017,0,5605,Warning
41.9,96.6,22844,91595,0.0127,1,2615,Warning
48.3,57.5,30496,81380,0.0271,1,5084,Warning
32.5,89.0,23183,38865,0.1747,1,2664,Warning
54.2,65.1,36373,31717,0.0248,3,4040,Warning
43.2,47.5,25376,5551,0.0227,1,6099,Healthy
39.8,85.5,602,83162,0.0213,1,3188,Warning
55.5,47.1,12856,70580,0.0238,2,6171,Healthy
38.0,86.9,14362,13375,0.0084,4,2546,Warning
30.9,29.2,49009,70391,0.0077,2,6830,Healthy
29.4,12.9,10705,20492,0.0307,2,8762,Healthy
51.1,85.5,40807,52162,0.0011,1,3525,Warning
32.2,58.7,22516,58975,0.0285,4,4382,Warning
62.5,88.9,37587,31574,0.0336,3,2638,Warning
24.2,93.8,40616,68552,0.0147,1,1993,Critical
62.0,5.4,27643,23122,0.0482,2,9291,Healthy
47.1,50.1,31380,67515,0.0128,0,5986,Warning
44.0,37.5,2970,83374,0.0039,1,6228,Healthy
39.6,62.6,4858,93043,0.009,0,4824,Warning
49.0,79.4,45906,41482,0.0473,4,3115,Warning
44.6,28.1,38836,59569,0.1015,0,7823,Healthy
56.0,55.7,11759,45578,0.011,3,4912,Warning
46.1,70.9,49634,51373,0.0037,3,3969,Warning
46.5,13.4,40658,64298,0.0067,4,7675,Healthy
41.4,81.4,9685,59284,0.0161,1,3213,Warning
44.4,60.6,28003,22336,0.017,0,4872,Warning
48.1,95.0,37139,95282,0.0199,3,1255,Critical
27.9,34.0,4423,68583,0.0361,1,7315,Healthy
31.5,10.8,27070,28630,0.0248,2,8848,Healthy
52.4,50.7,34906,49475,0.006,2,5455,Warning
46.7,8.6,48845,66495,0.0101,3,8556,Healthy
43.2,97.0,5561,68272,0.0366,1,1584,Critical
45.2,3.9,40931,21330,0.0201,1,9424,Healthy
48.5,75.4,34130,66616,0.0036,4,3353,Warning
39.6,52.5,5831,14939,0.0079,1,5416,Warning
37.2,36.9,21600,5215,0.0313,1,7173,Healthy
47.0,6.6,10003,26607,0.0038,2,8625,Healthy
35.2,62.2,33217,91980,0.0235,5,3396,Warning
49.1,58.5,28702,97800,0.0166,1,5124,Warning
28.0,28.1,31274,43894,0.0032,3,7344,Healthy
55.3,91.0,33308,93603,0.0234,5,1850,Critical
49.7,30.4,19292,39165,0.0031,1,6971,Healthy
47.6,45.0,13999,32925,0.0102,1,6126,Healthy
54.8,54.4,19046,60374,0.0074,2,5333,Warning
61.7,10.0,3252,41932,0.0234,5,8421,Healthy
55.1,93.2,26060,83278,0.0305,1,1753,Critical
26.6,37.5,10347,44449,0.0037,4,6194,Healthy
32.2,8.1,30906,84860,0.0334,1,9212,Healthy
38.8,38.7,25673,77934,0.0001,0,6587,Healthy
45.3,60.0,42482,83795,0.0151,0,5256,Warning
50.2,51.4,49325,89104,0.0145,2,5246,Warning
37.7,69.5,26138,4169,0.0196,1,4436,Warning
46.9,5.5,27870,80418,0.0055,2,9513,Healthy
37.4,28.5,7049,15936,0.0002,3,6826,Healthy
38.9,81.9,2305,84810,0.0121,2,2737,Warning
30.9,8.0,17955,36530,0.0015,1,9508,Healthy
35.8,85.5,19664,5138,0.0445,5,2226,Warning
31.5,9.2,13233,68902,0.0038,3,8797,Healthy
35.2,83.4,18214,57500,0.0111,0,2965,Warning
55.5,36.1,32903,9751,0.0114,1,7028,Healthy
35.5,61.2,29885,9448,0.0161,2,4705,Warning
71.3,15.3,38402,53147,0.0305,2,8620,Healthy
49.9,6.6,23645,88914,0.0128,2,9255,Healthy
46.8,21.6,40877,66223,0.0005,3,7615,Healthy
36.4,12.8,11052,98306,0.0295,1,8548,Healthy
52.0,31.2,2635,86998,0.0017,0,7729,Healthy
39.2,51.4,24821,95947,0.0205,3,5402,Warning
46.2,58.9,5063,57745,0.0325,1,4579,Warning
70.6,79.0,12807,19598,0.0066,1,3218,Warning
44.0,65.6,12960,7908,0.0119,1,4798,Warning
56.5,60.9,14347,82715,0.0003,3,3984,Warning
38.0,41.2,17510,69569,0.0326,2,5995,Warning
44.7,47.4,17770,70176,0.0243,5,5507,Warning
62.7,41.5,19330,64482,0.0053,4,5604,Warning
38.7,84.2,41380,92654,0.0099,4,1950,Critical
63.1,23.0,24258,86690,0.0238,3,7313,Healthy
52.1,0.6,13987,52703,0.0089,2,9332,Healthy
39.4,65.1,35161,55117,0.0035,2,4220,Warning
51.3,20.2,49728,96811,0.0146,5,7264,Healthy
54.7,89.0,23910,80712,0.0257,3,2376,Warning
51.2,85.9,44224,6505,0.0077,0,3524,Warning
29.3,7.7,42886,71906,0.0026,1,8831,Healthy
37.7,10.6,25458,69940,0.0354,1,8605,Healthy
42.5,49.5,45688,48735,0.0058,2,5899,Warning
44.3,60.9,16033,12473,0.0144,2,5185,Warning
51.2,27.5,30134,47476,0.0235,1,7150,Healthy
46.8,71.7,2047,68297,0.0076,1,4103,Warning
31.6,59.5,19815,59366,0.0209,2,4975,Warning
48.8,32.5,31056,18304,0.0123,2,6954,Healthy
51.1,2.5,21744,89113,0.0169,2,8878,Healthy
50.6,75.0,15410,62436,0.0179,5,3456,Warning
55.8,21.5,22550,47776,0.0348,4,6714,Healthy
53.3,83.4,16403,25180,0.0214,4,1827,Critical
49.6,42.0,47882,61467,0.0061,0,6726,Healthy
44.3,57.7,24131,17362,0.0012,1,5070,Warning
28.4,87.3,29350,87938,0.0,2,2861,Warning
49.3,86.4,21953,40053,0.047,0,2535,Warning
47.1,37.2,18077,9384,0.057,2,6635,Healthy
47.7,20.9,42807,69074,0.002,2,8478,Healthy
32.2,77.5,14565,60813,0.0134,2,3187,Warning
34.2,43.3,10325,33461,0.0033,2,6348,Healthy
55.5,19.2,40572,32062,0.0594,2,8186,Healthy
44.6,90.4,16740,26565,0.0057,0,2687,Warning
51.8,19.8,31635,32584,0.0139,4,8112,Healthy
45.3,2.6,39380,51538,0.0036,9,7999,Healthy
45.3,2.0,3091,77837,0.0081,3,9064,Healthy
54.4,62.2,17901,21457,0.0062,0,5037,Warning
39.8,66.2,24244,68616,0.0129,4,3182,Warning
46.0,31.1,8065,92580,0.0109,0,6930,Healthy
40.4,32.0,13830,62778,0.008,2,7010,Healthy
40.7,33.9,29653,32954,0.0022,1,7244,Healthy
41.9,68.0,8401,54296,0.0133,5,3213,Warning
47.2,5.8,19036,11777,0.038,1,8745,Healthy
40.2,92.9,42117,99024,0.0262,1,2148,Warning
57.6,22.3,14255,66911,0.0255,4,7336,Healthy
36.1,100.0,21217,77690,0.0091,3,1973,Critical
43.1,17.2,48948,60569,0.0246,2,8339,Healthy
40.6,77.2,2142,67232,0.0125,2,3602,Warning
59.5,22.3,18665,52361,0.0033,0,8703,Healthy
47.0,8.1,47702,49987,0.0109,3,9336,Healthy
55.3,87.5,37360,41684,0.0028,0,3255,Warning
30.1,85.9,36426,23898,0.0024,2,2989,Warning
47.7,40.4,42681,80406,0.0005,0,6553,Healthy
53.9,70.2,3758,29017,0.0066,0,4283,Warning
45.8,55.7,16419,94895,0.008,1,5120,Warning
55.7,85.3,19178,67283,0.024,2,2964,Warning
39.8,31.5,36752,25064,0.0154,3,7018,Healthy
59.1,52.4,37648,7611,0.0391,1,5950,Warning
68.0,48.5,19768,21473,0.0039,1,6205,Healthy
41.4,35.4,38820,810,0.0062,1,6845,Healthy
40.5,89.1,40385,76796,0.0566,0,2945,Warning
59.5,16.6,22646,18488,0.0117,1,9026,Healthy
60.8,15.0,37974,22543,0.0311,1,8537,Healthy
39.8,57.7,37265,53634,0.0136,1,5205,Warning
40.8,65.7,28998,90980,0.0127,3,4054,Warning
42.2,19.5,30007,55826,0.0032,1,8299,Healthy
31.6,39.1,45511,90437,0.0381,1,6721,Healthy
35.8,94.7,29472,17881,0.0016,2,2321,Warning
35.0,24.7,14922,33764,0.0074,1,7656,Healthy
37.3,66.8,19876,22569,0.0224,4,3910,Warning
44.7,74.0,32506,43464,0.0142,1,3495,Warning
47.3,44.8,10562,67234,0.0426,4,5224,Warning
60.5,93.8,36579,6410,0.0008,5,1796,Critical
35.0,73.7,34454,71520,0.021,3,3056,Warning
54.8,45.8,42274,46665,0.013,1,6282,Healthy
42.9,56.9,40006,66612,0.0034,3,4584,Warning
44.5,69.3,7762,33321,0.0272,1,3849,Warning
51.7,59.2,7504,44892,0.0106,4,4585,Warning
33.8,87.9,46201,49103,0.0152,1,3456,Warning
48.8,35.7,42705,33496,0.0684,4,6414,Healthy
46.7,30.0,9642,91390,0.0133,2,7064,Healthy
49.9,21.4,16004,96265,0.0347,2,7658,Healthy
47.9,3.8,27874,78058,0.0294,3,8803,Healthy
69.6,4.3,8656,67020,0.0217,3,8969,Healthy
38.6,87.0,46223,78696,0.0454,1,3058,Warning
39.7,67.8,12906,25544,0.0058,3,4003,Warning
38.8,66.1,42686,84887,0.0344,4,3827,Warning
39.4,61.5,14964,43309,0.0095,0,4580,Warning
38.6,84.9,30116,33799,0.0335,3,2184,Warning
56.9,48.0,33849,79747,0.0136,0,5826,Warning
59.2,87.0,43096,77263,0.039,3,2291,Warning
39.3,35.9,36420,63147,0.045,3,6451,Healthy
36.7,92.7,17405,74064,0.0182,0,3073,Warning
49.7,69.9,12038,82981,0.0142,1,4263,Warning
39.5,25.7,16418,33357,0.0306,3,7192,Healthy
51.3,56.4,20479,39003,0.0062,0,5731,Warning
47.0,53.3,37920,65717,0.0003,4,5223,Warning
29.8,13.8,5506,26482,0.0105,0,8923,Healthy
60.5,59.1,20761,67328,0.0142,0,5205,Warning
63.0,31.5,17958,53762,0.0071,3,7298,Healthy
38.9,5.2,30916,24380,0.0097,1,9435,Healthy
41.1,94.9,12950,98574,0.0029,0,2041,Warning
47.9,64.1,12701,8059,0.0065,1,4557,Warning
48.3,87.7,39966,37049,0.0055,2,2696,Warning
51.6,67.6,26744,35659,0.0072,1,4266,Warning
65.1,35.7,27528,50870,0.0071,1,7101,Healthy
43.2,51.3,39587,59789,0.0164,1,5241,Warning
37.0,67.6,48724,87575,0.0058,5,3850,Warning
31.2,96.0,41462,79240,0.0566,3,1543,Critical
37.7,25.4,33480,2752,0.0143,2,7386,Healthy
44.7,87.5,7386,10366,0.0028,2,2847,Warning
62.9,92.4,10168,38497,0.0066,4,1785,Critical
39.8,67.0,9905,90836,0.0262,2,4038,Warning
47.2,93.1,3117,8053,0.0003,0,2506,Warning
44.8,39.8,21272,33331,0.0556,2,6317,Healthy
56.9,95.3,10026,67823,0.0118,2,1811,Critical
70.3,70.3,44608,45310,0.0147,3,3861,Warning
39.7,4.2,23586,59219,0.0892,4,8751,Healthy
40.1,90.7,30497,12226,0.014,5,1980,Critical
55.4,48.4,29611,69951,0.059,1,5378,Warning
51.8,46.0,43440,47923,0.0494,0,6284,Healthy
63.5,56.6,49105,592,0.0567,3,5213,Warning
50.8,14.9,10102,76970,0.0335,1,8413,Healthy
41.4,46.9,48686,30495,0.007,1,5974,Warning
50.9,83.1,3301,98505,0.0085,0,3751,Warning
56.1,1.5,33620,63457,0.0091,3,8567,Healthy
53.2,27.3,27148,2177,0.0774,0,8211,Healthy
50.1,0.2,30230,94278,0.0089,1,9929,Healthy
55.7,41.6,40424,22392,0.0023,2,6272,Healthy
56.7,72.8,1441,22614,0.0301,0,4430,Warning
58.8,79.9,14081,37132,0.0091,3,2914,Warning
51.5,94.5,8796,27557,0.0194,3,1501,Critical
43.3,60.9,14625,63065,0.0516,6,3777,Warning
46.5,25.5,26645,61253,0.0171,1,7634,Healthy
57.1,92.4,28725,44531,0.0203,3,1857,Critical
36.8,77.5,5665,50549,0.0206,4,3056,Warning
48.7,57.4,15047,60775,0.019,5,4408,Warning
41.1,69.6,30177,48381,0.0035,2,4095,Warning
45.3,92.4,40798,53365,0.0122,5,2026,Warning
57.8,71.2,6617,97568,0.0002,1,4015,Warning
46.9,36.8,14387,51184,0.0197,1,7255,Healthy
45.5,71.3,11929,56187,0.0171,3,4063,Warning
31.4,4.0,2522,76205,0.0077,1,8850,Healthy
52.5,38.6,29160,56938,0.0148,1,6338,Healthy
51.5,40.6,46828,57814,0.0136,1,6160,Healthy
66.6,16.7,41733,51003,0.0058,3,8535,Healthy
41.9,2.3,6085,31240,0.0069,1,9594,Healthy
47.2,13.3,39815,46676,0.0288,2,8377,Healthy
47.5,65.5,13890,10530,0.0282,3,3750,Warning
60.8,80.2,47607,76788,0.0127,3,3275,Warning
44.0,98.8,25268,7551,0.0253,0,1958,Critical
47.8,34.6,24119,56510,0.012,4,5786,Warning
51.1,59.9,43839,11089,0.0381,3,5077,Warning
46.9,93.7,3768,11895,0.0081,0,2484,Warning
40.5,16.7,10844,13333,0.0524,0,8976,Healthy
46.9,71.8,28854,66634,0.0156,2,3843,Warning
55.7,75.5,19622,80403,0.0153,1,3592,Warning
34.7,8.9,4609,18928,0.0222,1,9060,Healthy
46.3,86.1,2600,17142,0.0083,2,2832,Warning
38.0,81.3,10004,86991,0.0258,2,2855,Warning
57.0,3.3,27021,41271,0.0077,0,9181,Healthy
29.8,9.1,16783,10597,0.0101,3,7986,Healthy
39.4,4.9,12516,79243,0.0225,1,9401,Healthy
48.8,33.5,14933,88596,0.0095,2,7022,Healthy
60.7,50.9,18390,23926,0.0045,2,5470,Warning
44.3,53.2,35353,66833,0.0411,3,4804,Warning
39.4,26.8,14103,43963,0.0511,3,7051,Healthy
63.8,91.2,40327,71749,0.0197,0,2708,Warning
30.5,36.8,6220,40579,0.0333,0,7114,Healthy
23.0,4.6,41353,20904,0.0863,1,9322,Healthy
49.4,30.0,14351,71947,0.0191,2,6973,Healthy
40.0,53.1,22586,4454,0.0479,3,5508,Warning
34.8,40.8,28434,70348,0.0089,2,6057,Healthy
52.1,27.4,6272,96911,0.0241,2,7091,Healthy
47.4,13.1,22806,55831,0.0011,2,8443,Healthy
39.4,81.9,18572,56431,0.0311,4,2969,Warning
32.2,99.6,21795,18940,0.0354,2,1796,Critical
53.7,33.0,39355,58907,0.0103,2,6937,Healthy
51.5,38.2,42832,81864,0.0204,0,6611,Healthy
44.0,61.8,11155,31398,0.0391,2,4353,Warning
63.5,71.8,32816,47220,0.043,4,3325,Warning
34.3,39.2,6980,45928,0.0023,1,6532,Healthy
29.7,90.5,29049,15927,0.0351,6,1378,Critical
38.1,56.0,19910,95677,0.0064,2,5532,Warning
44.5,45.0,628,22669,0.026,1,7094,Healthy
47.4,64.7,43193,45919,0.0079,0,4590,Warning
42.6,95.3,18408,51565,0.0012,1,2375,Warning
48.5,79.5,22944,67987,0.0047,3,3311,Warning
32.5,4.0,22460,87990,0.0105,2,9112,Healthy
59.4,33.2,22505,79863,0.027,2,6680,Healthy
44.2,47.1,17346,75001,0.0021,1,5757,Warning
56.2,31.5,27892,99132,0.0335,3,7018,Healthy
48.4,70.0,43422,9485,0.1159,2,4053,Warning
49.6,82.6,20804,33141,0.031,0,3687,Warning
50.7,73.1,48281,23397,0.0128,0,4777,Warning
49.5,98.9,30689,46152,0.0168,0,2230,Warning
51.4,27.3,22536,6473,0.0001,4,7053,Healthy
58.3,87.5,46995,83830,0.0047,3,2119,Warning
47.0,76.7,24743,73750,0.0459,2,3655,Warning
52.1,36.2,18126,67173,0.0004,1,6024,Healthy
44.1,73.4,15793,54809,0.047,1,3759,Warning
59.4,10.4,9312,57218,0.0024,1,8346,Healthy
38.2,78.9,38064,69309,0.0029,0,3584,Warning
63.0,53.2,13950,23127,0.0039,2,5580,Warning
44.6,29.2,39867,53121,0.0321,0,8153,Healthy
30.7,65.6,7422,98229,0.013,2,3627,Warning
46.3,64.2,36011,55584,0.0031,2,4835,Warning
38.2,20.9,46680,15651,0.0232,1,8018,Healthy
53.4,3.0,30487,76191,0.0565,1,9492,Healthy
38.5,43.4,5778,27241,0.017,3,6172,Healthy
40.5,57.0,1482,88984,0.0021,3,4800,Warning
26.1,87.7,21880,38630,0.0011,2,2359,Warning
40.5,92.8,27606,70672,0.0318,3,1770,Critical
20.8,52.9,42396,61416,0.0197,1,5297,Warning
29.2,75.4,31948,59719,0.0512,3,3358,Warning
52.6,43.9,39982,97685,0.0158,3,6248,Healthy
52.9,74.6,42302,37736,0.0013,3,3688,Warning
49.3,20.5,1805,68382,0.0103,1,8180,Healthy
35.3,37.1,6097,14484,0.0215,1,6612,Healthy
44.5,63.4,22547,1542,0.0097,2,4607,Warning
45.0,1.8,40830,13563,0.1561,2,9839,Healthy
33.4,72.2,44259,54418,0.0104,3,3331,Warning
60.0,83.6,14635,20990,0.0158,1,3325,Warning
53.8,39.9,24580,41467,0.0051,2,6530,Healthy
42.8,44.8,31151,56972,0.0033,2,5796,Warning
45.3,85.1,12229,73338,0.0207,2,2842,Warning
47.1,77.6,30885,22376,0.0178,1,3452,Warning
24.6,28.8,29502,82330,0.0001,4,6634,Healthy
42.5,32.4,41627,61150,0.0067,3,6509,Healthy
38.2,67.9,2804,2802,0.0206,0,4332,Warning
35.0,56.3,27127,19517,0.0335,2,4710,Warning
42.2,16.2,5825,42811,0.0075,1,9081,Healthy
63.0,31.0,25323,861,0.0209,2,6814,Healthy
51.4,90.0,26869,38761,0.0062,2,2862,Warning
39.3,68.8,27484,17671,0.0234,1,4386,Warning
50.7,98.6,32245,41726,0.0239,1,1374,Critical
59.0,76.7,32992,29827,0.0028,3,3012,Warning
54.2,94.2,42597,71128,0.0219,5,1545,Critical
45.6,21.6,30127,82973,0.0081,2,7661,Healthy
38.5,77.1,12867,64723,0.0038,1,3682,Warning
52.0,2.0,21581,79853,0.0139,1,9065,Healthy
48.9,67.1,37675,75815,0.012,3,4039,Warning
54.0,46.9,18454,70552,0.0297,0,6179,Healthy
51.4,34.7,48877,64124,0.0018,1,7595,Healthy
55.5,86.2,19246,96150,0.0312,2,2468,Warning
39.6,85.4,22001,15030,0.0022,3,2777,Warning
58.2,2.2,3201,9810,0.0047,2,9807,Healthy
47.0,61.0,28827,34781,0.0145,3,4834,Warning
65.8,36.8,34522,59770,0.0124,3,6790,Healthy
38.1,41.6,16615,89845,0.0899,0,6563,Healthy
62.4,83.2,24906,46604,0.0178,1,3255,Warning
47.0,31.0,33262,22235,0.0079,0,7337,Healthy
38.5,94.3,40187,72785,0.0461,2,2187,Warning
40.2,18.0,3673,93673,0.0075,4,7427,Healthy
41.8,66.3,42041,7505,0.0064,1,4252,Warning
49.2,67.2,39974,58064,0.0136,2,4824,Warning
50.2,25.2,25608,51996,0.0489,2,7818,Healthy
39.3,32.5,26085,30398,0.0247,2,6509,Healthy
44.8,83.5,44015,89574,0.0226,1,3207,Warning
66.4,76.2,5160,22208,0.0259,2,3182,Warning
62.3,32.9,49194,45524,0.0216,2,7153,Healthy
49.4,53.4,45710,91503,0.0285,4,5015,Warning
45.4,6.2,11033,14912,0.0043,1,9365,Healthy
46.2,20.9,6732,55321,0.0039,5,7134,Healthy
51.1,48.6,39623,29878,0.009,1,6341,Healthy
34.8,8.6,43998,94138,0.0381,1,8878,Healthy
42.4,84.3,23073,79080,0.0251,6,2099,Warning
28.3,71.8,5689,31809,0.0167,1,3975,Warning
49.0,94.4,11712,84275,0.0004,2,1633,Critical
51.5,69.3,47711,2935,0.0054,1,4145,Warning
40.2,94.0,18988,89200,0.0325,4,1135,Critical
60.7,55.5,19517,3886,0.0056,4,4932,Warning
32.7,60.0,12115,71476,0.0262,1,4785,Warning
30.4,97.7,45540,46003,0.0041,1,1877,Critical
47.2,64.2,35844,72472,0.0186,0,5034,Warning
55.5,3.1,17955,73439,0.0198,2,9152,Healthy
61.8,72.4,11991,89278,0.0279,1,3326,Warning
40.4,90.5,27862,43964,0.0115,2,2451,Warning
55.8,79.6,6695,68975,0.02,3,2811,Warning
44.6,58.4,46272,83258,0.0133,2,4816,Warning
43.3,67.1,28657,27777,0.0589,4,3937,Warning
53.8,99.0,45693,87179,0.0148,5,764,Critical
51.5,9.1,22036,54512,0.0047,3,8774,Healthy
29.2,66.7,18381,3638,0.022,3,4054,Warning
59.8,28.3,2292,49827,0.0159,5,6705,Healthy
58.8,64.0,45132,87025,0.0326,1,4569,Warning
38.7,60.8,33959,69198,0.0039,3,4607,Warning
49.0,15.3,49951,3252,0.006,0,8956,Healthy
49.9,20.7,42961,26265,0.0509,4,6977,Healthy
47.6,62.2,35046,1337,0.0532,2,4805,Warning
39.5,12.8,49984,94510,0.0117,1,8658,Healthy
38.3,26.5,46460,78079,0.001,4,6567,Healthy
44.7,83.5,32409,57497,0.0073,3,2648,Warning
56.7,32.7,41572,36001,0.0057,4,6272,Healthy
50.4,48.8,35555,45270,0.0107,2,6009,Healthy
41.3,94.1,28772,90108,0.0076,2,1632,Critical
52.7,22.7,3856,68689,0.0353,3,7607,Healthy
20.0,39.0,38929,88560,0.0001,0,6952,Healthy
56.5,60.6,41491,61094,0.0207,4,4443,Warning
27.6,75.5,23018,85769,0.0218,1,3931,Warning
41.4,90.2,4594,37948,0.0216,0,2613,Warning
33.8,91.5,34147,84806,0.0147,2,1912,Critical
32.1,77.7,6638,38459,0.0189,3,2535,Warning
56.6,22.8,2321,50025,0.0333,1,7987,Healthy
40.3,2.5,5264,78840,0.0307,1,9408,Healthy
48.5,38.4,33722,82246,0.0007,0,7280,Healthy
44.5,14.2,36080,34529,0.0006,0,9054,Healthy
49.8,71.0,19252,73669,0.0365,3,4098,Warning
45.8,66.1,14485,8812,0.0171,0,4249,Warning
32.2,4.4,23712,38800,0.0631,1,9096,Healthy
55.0,83.7,12630,55494,0.0113,2,3030,Warning
40.1,24.9,3440,86265,0.0039,6,7207,Healthy
29.4,43.2,23224,3384,0.0128,2,6855,Healthy
40.7,66.8,42679,21022,0.0115,1,4574,Warning
60.0,42.9,33143,6123,0.0146,0,6559,Healthy
53.5,44.1,12395,11960,0.033,4,5893,Warning
41.5,6.6,20347,10734,0.0213,1,9068,Healthy
41.5,40.1,814,84539,0.0041,2,6147,Healthy
41.8,76.5,38922,64078,0.0265,2,3627,Warning
65.8,91.5,909,90136,0.0179,4,2072,Warning
48.8,41.3,30244,82910,0.0173,1,6462,Healthy
49.3,42.4,46083,47405,0.0227,4,5536,Warning
55.3,70.3,20462,29920,0.0166,1,4465,Warning
47.4,94.3,41921,36313,0.0122,0,2046,Warning
42.4,26.7,136,882,0.0205,1,7677,Healthy
43.0,44.0,32502,38853,0.0257,1,6371,Healthy
44.3,79.6,24598,9869,0.0051,1,3245,Warning
44.6,61.0,28487,35485,0.0137,0,5549,Warning
52.3,11.1,10373,42755,0.0123,4,8279,Healthy
45.5,62.8,25130,58761,0.0008,4,4042,Warning
52.3,18.7,45367,89697,0.036,5,6827,Healthy
44.2,51.0,11503,62090,0.0095,4,6057,Healthy
45.8,52.9,15137,45986,0.0015,2,5321,Warning
25.0,87.6,19139,48383,0.0122,3,1906,Critical
54.2,46.2,14117,55818,0.0035,3,5405,Warning
48.5,27.9,17465,52066,0.0244,2,7677,Healthy
55.0,23.1,47564,1150,0.017,2,7431,Healthy
20.0,87.4,39315,41437,0.0063,1,2917,Warning
65.9,17.1,12683,21799,0.0601,1,8552,Healthy
43.6,42.6,33019,27362,0.0069,3,5882,Warning
56.1,18.7,47125,97189,0.0162,3,7669,Healthy
34.6,77.3,44354,16812,0.0323,1,3648,Warning
51.1,47.4,46375,11443,0.0144,2,5959,Warning
34.5,35.1,9614,69234,0.0648,1,6446,Healthy
38.8,36.1,38516,17825,0.0371,1,6218,Healthy
64.1,85.2,1611,74768,0.0508,1,3270,Warning
43.1,55.4,18742,71841,0.0093,2,5335,Warning
47.2,71.8,16715,53379,0.0159,3,3737,Warning
53.7,89.7,31689,84949,0.0367,4,1760,Critical
50.0,90.2,24325,67238,0.0468,0,3076,Warning
46.5,32.9,20946,64510,0.0578,1,7446,Healthy
48.6,95.2,29252,83070,0.0423,1,2157,Warning
69.0,2.5,40617,3506,0.0262,1,9486,Healthy
44.4,37.7,671,62376,0.0005,2,6700,Healthy
47.0,89.6,26288,63728,0.0076,2,2505,Warning
55.5,27.5,45100,52556,0.0028,0,7622,Healthy
56.1,27.3,42630,9005,0.0034,1,7137,Healthy
56.9,30.3,13317,20998,0.0069,0,7645,Healthy
51.4,61.2,42099,17005,0.0016,2,4653,Warning
33.6,43.8,6709,63018,0.0056,1,6499,Healthy
61.3,72.7,47497,7103,0.0629,1,4434,Warning
33.5,89.5,45141,25244,0.0075,4,1657,Critical
48.0,67.4,49422,69718,0.0035,1,4542,Warning
37.5,20.4,5251,13960,0.0253,2,7508,Healthy
44.4,93.3,6506,53773,0.0353,0,2928,Warning
48.3,26.4,47162,79595,0.0075,3,6981,Healthy
48.2,15.0,14993,29044,0.0065,3,7977,Healthy
49.2,9.0,33056,7364,0.0055,3,8501,Healthy
61.1,56.3,45941,89814,0.01,2,5167,Warning
49.5,11.4,7245,80270,0.0018,2,8777,Healthy
42.6,13.9,38795,29093,0.0221,3,8448,Healthy
54.6,30.0,33467,45157,0.0345,1,7735,Healthy
56.9,28.2,13233,2229,0.0218,2,7238,Healthy
32.7,60.4,12309,45015,0.0109,3,4355,Warning
51.0,81.7,44392,88372,0.0068,1,2978,Warning
52.0,76.1,47185,54781,0.0105,0,3943,Warning
42.0,26.2,27065,35436,0.011,5,6888,Healthy
58.8,24.5,9245,12913,0.0219,4,6801,Healthy
43.5,96.6,47225,48152,0.0526,0,2437,Warning
46.3,0.8,42685,30264,0.0015,0,9804,Healthy
43.3,88.0,34738,64284,0.0613,3,2762,Warning
45.2,20.0,20745,46241,0.0482,1,8105,Healthy
34.0,94.7,18508,73704,0.0025,1,1896,Critical
30.6,34.2,12621,79296,0.0041,3,6740,Healthy
60.9,44.0,21978,77344,0.0075,4,5984,Warning
36.5,70.7,38321,60273,0.0164,2,4053,Warning
35.1,58.8,34695,74932,0.0029,2,5273,Warning
23.5,31.8,21186,19783,0.0045,5,6219,Healthy
38.6,55.4,17023,85627,0.0466,6,4515,Warning
31.8,73.1,16325,25782,0.0023,0,4520,Warning
61.4,4.2,7302,65060,0.0102,1,9556,Healthy
55.1,1.1,30239,79955,0.0288,0,10000,Healthy
38.1,45.8,32074,73710,0.0439,3,5723,Warning
67.5,13.2,27041,96735,0.0082,1,9084,Healthy
54.8,66.4,37306,96876,0.0036,3,4291,Warning
41.8,21.4,19985,53484,0.0267,2,7770,Healthy
20.0,43.3,45007,18892,0.0296,1,6198,Healthy
67.9,19.8,11318,97996,0.0783,1,8318,Healthy
31.1,54.8,45792,5221,0.003,1,5295,Warning
28.5,11.6,28850,29697,0.0247,5,8115,Healthy
55.2,2.3,31712,26673,0.0108,2,9412,Healthy
69.4,5.1,6816,1566,0.0492,3,8681,Healthy
58.8,95.4,16188,93411,0.0105,3,1734,Critical
50.6,14.2,31101,59918,0.0118,1,8499,Healthy
50.9,70.8,39686,67954,0.0027,3,3810,Warning
53.5,6.8,22684,75493,0.0077,3,8909,Healthy
52.6,10.8,4386,76762,0.0102,1,8847,Healthy
47.8,50.9,4839,14782,0.0004,2,5484,Warning
46.0,46.5,30258,25315,0.0115,4,5057,Warning
44.4,95.2,34957,23094,0.0082,5,1609,Critical
37.5,94.5,5705,73484,0.0326,0,2262,Warning
42.2,78.0,39690,57011,0.0023,0,4061,Warning
28.1,60.2,3421,67178,0.0286,1,4393,Warning
44.0,45.5,44641,86268,0.025,5,5563,Warning
35.1,35.6,34084,67451,0.0055,1,6850,Healthy
34.0,94.7,37753,6874,0.0017,2,2429,Warning
46.8,60.3,12270,27474,0.0369,1,5312,Warning
58.9,57.9,9033,99564,0.0057,0,6060,Healthy
54.2,23.2,22792,69678,0.0031,4,7628,Healthy
29.3,4.7,31574,83972,0.0089,3,8785,Healthy
35.1,94.5,10006,32414,0.0102,2,2317,Warning
54.4,31.4,45104,50514,0.0079,4,6752,Healthy
35.2,44.3,23914,61879,0.075,1,5970,Warning
42.8,11.5,35665,9847,0.0425,0,9317,Healthy
50.5,83.7,918,90968,0.0413,1,3086,Warning
35.3,2.8,8534,59515,0.0102,2,10000,Healthy
46.1,83.4,30671,89629,0.0659,3,2789,Warning
31.7,14.0,40794,67364,0.023,3,8190,Healthy
39.0,88.7,28990,50681,0.0357,1,2050,Warning
48.2,73.0,45585,19260,0.0139,5,2534,Warning
29.1,16.5,12169,85661,0.0035,0,8559,Healthy
49.4,56.6,32880,92603,0.0436,1,5448,Warning
44.8,31.3,38762,78099,0.0133,1,7610,Healthy
50.5,17.8,23534,97666,0.0692,2,8393,Healthy
47.2,85.9,7492,92997,0.0059,3,1941,Critical
58.6,40.4,16202,3640,0.0975,0,6473,Healthy
46.3,39.9,33557,83301,0.005,0,6552,Healthy
40.7,17.0,22362,74766,0.0092,0,8889,Healthy
46.2,38.3,12032,62676,0.018,2,6420,Healthy
50.4,87.2,11866,14557,0.0236,1,3177,Warning
45.5,36.3,22811,69593,0.0255,4,6284,Healthy
45.4,95.2,13392,29614,0.0129,1,2076,Warning
38.0,94.6,20787,79247,0.0016,7,982,Critical
38.4,14.5,47731,56715,0.0137,0,8411,Healthy
31.0,17.7,25999,19080,0.0081,2,8018,Healthy
62.5,86.3,7508,84370,0.0214,2,2832,Warning
32.6,39.3,10794,10302,0.004,3,6215,Healthy
38.1,0.4,41010,88357,0.01,0,9518,Healthy
37.8,27.4,34633,70043,0.0677,3,6336,Healthy
53.9,59.8,15337,5175,0.0019,1,4609,Warning
42.1,79.9,5878,14558,0.0184,1,3061,Warning
57.5,13.3,35159,49501,0.0019,0,9206,Healthy
38.3,11.1,26661,38019,0.0034,2,8347,Healthy
47.8,92.2,4966,72255,0.0186,2,2063,Warning
36.6,75.1,8529,15945,0.0117,7,2210,Warning
66.5,59.0,43452,74454,0.0159,0,5372,Warning
33.1,76.9,44615,89950,0.0424,1,3811,Warning
48.1,42.9,22937,95666,0.034,1,6513,Healthy
51.3,75.8,34175,29195,0.0438,1,3664,Warning
49.1,37.2,34953,96470,0.0192,2,6670,Healthy
43.1,24.4,26495,51727,0.0135,3,7714,Healthy
43.7,72.9,16515,80492,0.0123,2,3649,Warning
45.4,42.0,32086,30685,0.0269,2,6161,Healthy
43.5,98.1,24204,90192,0.0147,1,2241,Warning
54.6,34.9,391,46408,0.0022,2,6773,Healthy
67.1,92.2,3786,44131,0.0031,3,2046,Warning
39.4,93.3,45447,48493,0.0088,1,2727,Warning
31.3,24.2,1742,2578,0.0014,1,7752,Healthy
44.1,79.8,31577,96386,0.0055,4,3045,Warning
70.8,43.3,24250,78109,0.0214,2,6321,Healthy
37.0,91.8,8869,24278,0.0003,3,2126,Warning
61.4,45.0,29933,23897,0.0185,2,6023,Healthy
61.8,74.4,4009,69357,0.0296,0,3565,Warning
39.5,46.7,32178,12837,0.0037,2,6421,Healthy
50.7,22.8,12368,6511,0.004,0,8111,Healthy
61.3,19.9,10944,40355,0.0006,1,8392,Healthy
41.2,42.5,8738,76032,0.0144,4,6079,Healthy
43.0,75.5,37241,47345,0.0213,1,3844,Warning
39.2,60.5,11333,20546,0.0122,1,5326,Warning
34.9,68.9,30596,87530,0.0099,4,3956,Warning
38.5,28.2,17906,7118,0.0121,4,6378,Healthy
32.8,48.1,40426,72935,0.0304,4,5312,Warning
45.3,4.4,13371,31822,0.0007,2,8606,Healthy
37.3,81.8,39613,34297,0.0306,1,3144,Warning
47.3,99.0,19565,15628,0.022,2,1401,Critical
29.4,40.7,39602,33679,0.0055,2,6058,Healthy
48.3,1.1,13960,68017,0.0149,0,9944,Healthy
53.3,17.0,8350,34573,0.001,4,8037,Healthy
25.1,65.3,41518,78514,0.0095,4,3483,Warning
48.7,61.2,49355,92465,0.0038,4,4952,Warning
57.3,78.8,21410,37863,0.0005,0,3833,Warning
32.9,25.4,49993,12197,0.0088,2,7540,Healthy
61.7,76.4,28082,15922,0.0259,0,3839,Warning
49.2,68.8,32306,38880,0.0508,2,3528,Warning
37.9,32.3,9864,96377,0.0217,0,7197,Healthy
44.4,54.5,43761,61357,0.0103,3,4706,Warning
50.6,14.7,12942,68073,0.1519,1,8260,Healthy
45.8,45.3,37591,75558,0.0067,2,6157,Healthy
50.4,88.1,44472,21759,0.0041,4,1905,Critical
35.8,42.1,24143,78034,0.0125,2,6333,Healthy
46.7,84.0,38071,73122,0.0141,2,3050,Warning
30.9,59.0,3076,1649,0.0088,3,4736,Warning
43.9,19.2,7526,23292,0.0238,4,8238,Healthy
36.0,58.1,22987,16890,0.0041,2,5034,Warning
37.6,50.6,26810,34704,0.0143,0,6373,Healthy
57.4,39.9,41487,36518,0.0139,1,7158,Healthy
55.9,12.0,47570,94151,0.0347,4,8168,Healthy
51.1,41.7,6586,90083,0.0523,4,6714,Healthy
34.1,7.3,39358,83114,0.0218,1,9586,Healthy
41.8,9.9,46982,21971,0.0073,1,8695,Healthy
57.1,41.6,22723,14763,0.0234,2,6626,Healthy
46.4,30.5,23906,60809,0.0058,2,6955,Healthy
68.2,92.6,6073,52951,0.068,3,2085,Warning
48.9,37.6,46315,70879,0.0346,3,6696,Healthy
46.9,75.8,48726,78469,0.0113,4,3386,Warning
41.9,53.0,46039,12059,0.0307,2,5137,Warning
46.3,70.4,49185,64228,0.0105,4,3305,Warning
43.5,26.0,29257,5452,0.0016,1,7400,Healthy
52.1,94.2,5621,62226,0.0245,1,2714,Warning
54.6,53.0,12991,41110,0.0104,0,6022,Healthy
37.1,83.1,16895,98829,0.0533,1,3469,Warning
31.7,36.5,22574,86967,0.0073,3,5947,Warning
26.6,10.0,26607,2653,0.0371,1,9191,Healthy
50.1,67.4,10787,94947,0.0228,3,3791,Warning
34.0,0.8,33114,8519,0.0384,1,9365,Healthy
23.5,47.5,11109,85909,0.0069,4,4992,Warning
48.9,19.3,23326,97667,0.0124,1,8268,Healthy
69.9,62.7,23048,38429,0.0346,0,4873,Warning
44.9,97.9,35039,17528,0.0206,1,2101,Warning
53.4,46.4,44391,35120,0.0089,1,6110,Healthy
45.8,81.7,48396,48974,0.0143,0,3648,Warning
44.0,50.8,48144,11123,0.1109,2,5381,Warning
54.2,49.6,40325,86004,0.0271,6,4567,Warning
42.1,93.0,22202,4309,0.0191,2,2431,Warning
47.7,89.0,34928,93407,0.0352,3,2414,Warning
48.2,78.6,36202,51546,0.0117,2,3301,Warning
38.3,29.6,45955,62996,0.0599,0,7576,Healthy
54.9,54.5,33812,32239,0.0161,3,4898,Warning
43.3,22.4,26923,53952,0.0079,2,7991,Healthy
37.4,44.4,5461,73824,0.0018,0,6637,Healthy
50.4,48.4,25938,7477,0.0094,6,4618,Warning
36.0,83.2,14738,35338,0.0168,2,3417,Warning
45.3,89.6,38152,68692,0.0243,0,2752,Warning
44.9,41.5,23365,4634,0.0416,0,6520,Healthy
55.9,1.8,24851,53920,0.0576,3,9563,Healthy
49.7,86.2,42112,29931,0.0022,2,2905,Warning
44.7,17.4,11016,69520,0.0184,2,8352,Healthy
53.2,62.2,9609,50065,0.022,4,4393,Warning
58.9,2.5,45632,57493,0.0038,4,9353,Healthy
50.6,40.0,31202,58535,0.0158,1,6264,Healthy
45.1,98.6,47759,47812,0.0082,1,1722,Critical
31.9,10.1,24424,39416,0.0016,2,9261,Healthy
34.3,42.4,14103,93310,0.0014,3,5796,Warning
41.9,30.7,28043,21193,0.0285,5,6189,Healthy
38.9,90.5,42734,39059,0.0191,4,2061,Warning
43.1,86.9,33201,83339,0.0251,1,2693,Warning
45.6,23.8,30043,50558,0.0231,1,8060,Healthy
50.3,8.1,9556,85630,0.0029,3,8700,Healthy
44.3,62.7,11469,85139,0.0033,2,4450,Warning
49.9,33.6,19429,12358,0.0058,1,6812,Healthy
45.6,67.2,13318,81038,0.0102,2,4364,Warning
25.2,3.2,21264,70931,0.056,3,9019,Healthy
35.6,13.3,37524,43824,0.0224,3,8362,Healthy
43.6,68.6,12510,50444,0.0059,4,3463,Warning
32.9,21.2,29830,91187,0.0012,0,8431,Healthy
51.0,85.8,2765,75955,0.0231,1,2912,Warning
60.3,5.9,39999,44687,0.0196,1,9287,Healthy
57.2,21.5,37803,87963,0.0225,1,8202,Healthy
42.9,99.9,515,28647,0.0061,0,1384,Critical
59.9,43.3,33575,78414,0.0146,4,5405,Warning
46.5,70.3,24272,87581,0.009,0,4311,Warning
41.6,18.3,2784,79093,0.034,0,8545,Healthy
38.9,61.0,7594,1860,0.0014,3,4625,Warning
42.0,72.6,19850,2548,0.0064,3,3387,Warning
41.1,31.4,19987,39520,0.0185,0,7559,Healthy
46.7,82.9,20926,44435,0.0046,1,3044,Warning
46.6,60.3,6280,22982,0.0223,2,4521,Warning
45.0,38.9,46879,91699,0.0029,1,6857,Healthy
49.4,55.8,2659,33473,0.0005,1,5565,Warning
56.9,57.7,41005,15685,0.0398,2,5147,Warning
54.5,16.6,4071,20199,0.0081,1,8523,Healthy
30.2,40.3,35825,56385,0.0034,0,6879,Healthy
20.0,34.3,18213,42082,0.0038,1,7152,Healthy
54.3,40.1,42961,18561,0.0434,4,6226,Healthy
31.3,76.1,13051,77515,0.0213,4,3537,Warning
42.8,48.3,25717,45097,0.0626,0,6397,Healthy
33.3,94.0,32894,11392,0.0322,3,1423,Critical
27.0,29.4,2683,24431,0.0292,2,7076,Healthy
50.4,41.6,25728,25154,0.0139,4,6375,Healthy
52.6,78.7,26350,88978,0.0344,0,3193,Warning
39.2,54.6,3155,59320,0.0106,1,5292,Warning
20.0,54.7,6901,54386,0.0351,1,5957,Warning
39.5,5.3,34526,72970,0.0284,2,8794,Healthy
48.9,39.9,36819,95769,0.0227,0,6553,Healthy
30.2,27.1,40167,85648,0.008,2,7396,Healthy
46.8,99.9,23940,97891,0.0199,2,1182,Critical
44.8,30.8,10033,75342,0.0141,4,6974,Healthy
50.8,88.4,32079,65824,0.0124,1,2871,Warning
46.2,67.6,45147,82580,0.0926,1,4641,Warning
35.3,34.1,4237,65527,0.014,3,6180,Healthy
57.0,54.4,11523,1925,0.0007,0,5808,Warning
43.4,84.1,24415,2233,0.0197,0,3249,Warning
44.7,88.3,34582,45875,0.026,1,2234,Warning
35.7,16.0,44256,64911,0.0433,3,8666,Healthy
40.6,34.0,36215,11103,0.02,2,6566,Healthy
36.2,33.5,34854,12652,0.0004,4,6650,Healthy
43.3,4.2,36412,16301,0.0026,7,8157,Healthy
62.1,59.8,23463,84942,0.0035,2,4985,Warning
31.3,85.5,17185,56818,0.0047,0,2995,Warning
28.9,38.2,42514,95473,0.0322,2,6778,Healthy
59.7,74.0,36654,17485,0.0074,1,4337,Warning
42.9,62.8,14515,92971,0.0075,4,4209,Warning
38.3,37.6,47152,21568,0.0282,1,6278,Healthy
55.4,14.1,21498,14031,0.0106,0,8495,Healthy
38.9,70.9,32791,34788,0.0013,2,4462,Warning
63.3,85.5,6759,91517,0.0176,1,3119,Warning
51.8,68.6,20744,92262,0.0028,1,4252,Warning
40.1,1.8,3144,67153,0.017,1,9968,Healthy
66.6,21.6,3983,98697,0.0302,2,7749,Healthy
38.9,6.9,31812,40568,0.053,1,9460,Healthy
52.4,57.0,19424,12959,0.0014,0,4865,Warning
48.0,75.6,48219,87141,0.0072,3,3216,Warning
58.0,11.1,21645,85500,0.0211,3,8242,Healthy
60.6,83.8,18304,33054,0.0076,0,2860,Warning
45.3,55.6,23368,70813,0.012,5,4336,Warning
37.5,69.0,15862,77468,0.0004,1,4230,Warning
49.6,97.1,28471,14771,0.0237,3,1427,Critical
38.2,8.4,18947,4301,0.043,2,9035,Healthy
65.1,90.1,36239,73093,0.0753,0,2745,Warning
46.4,12.6,41395,27011,0.0355,2,8404,Healthy
41.3,39.3,10216,73546,0.0006,1,7004,Healthy
46.8,85.1,30225,74135,0.0211,1,3193,Warning
31.5,90.6,31504,81229,0.0137,1,2645,Warning
35.3,50.6,28536,55733,0.0556,3,4924,Warning
57.0,59.4,2888,20511,0.0465,2,4900,Warning
38.4,70.8,32249,63463,0.0885,3,3834,Warning
34.5,83.3,4225,49400,0.0396,4,2751,Warning
50.4,12.2,3706,21264,0.0158,1,8680,Healthy
56.9,81.0,41634,52194,0.0251,0,3862,Warning
52.2,48.1,33088,70486,0.0669,6,5214,Warning
55.0,45.1,21406,80585,0.0173,2,6445,Healthy
37.4,42.4,43073,7460,0.0366,3,5579,Warning
30.8,50.9,10933,17083,0.057,0,5752,Warning
60.0,94.5,22097,73032,0.0169,2,1626,Critical
41.8,54.8,33621,84603,0.0035,4,4568,Warning
42.5,95.3,30048,14701,0.0034,3,1356,Critical
58.3,18.0,46743,71079,0.0025,2,7835,Healthy
50.6,72.4,7588,60519,0.0129,2,3988,Warning
49.6,81.2,40074,20920,0.0131,1,3158,Warning
66.7,67.9,42548,41102,0.0192,1,4001,Warning
38.6,60.7,8038,53145,0.0132,0,5733,Warning
54.3,56.5,38826,53624,0.0723,4,4718,Warning
45.6,86.1,15870,49531,0.0069,1,2578,Warning
47.7,82.2,6735,13129,0.0414,2,2910,Warning
60.3,12.2,8729,58231,0.0021,1,8877,Healthy
50.1,84.9,31768,29175,0.0184,1,2902,Warning
50.4,41.4,21587,2162,0.0209,1,6309,Healthy
55.7,25.4,12969,80770,0.0296,3,7159,Healthy
41.4,87.0,49471,8089,0.014,0,3242,Warning
36.6,43.2,9319,49864,0.0044,3,6131,Healthy
34.6,80.8,40897,5155,0.0092,2,2820,Warning
25.3,26.3,49140,74785,0.0064,2,6965,Healthy
65.6,0.4,16773,11297,0.0109,1,9494,Healthy
34.0,49.5,16863,97966,0.0151,2,5999,Warning
42.8,10.0,45033,7145,0.0196,4,8292,Healthy
42.2,75.4,11143,77931,0.0373,2,3424,Warning
48.1,27.6,9670,35262,0.0482,2,7490,Healthy
53.2,44.4,6986,48134,0.0124,2,5661,Warning
53.6,8.7,2058,21932,0.0019,2,8957,Healthy
39.2,28.7,43187,48390,0.0319,1,7361,Healthy
43.3,78.1,24741,82894,0.013,2,3181,Warning
47.8,15.2,2283,59611,0.0158,3,7902,Healthy
42.5,64.7,29170,74269,0.0181,4,4369,Warning
61.1,91.7,3874,44111,0.022,1,2485,Warning
49.9,68.0,29118,98040,0.0442,1,4464,Warning
52.3,81.1,20403,27171,0.0608,2,2948,Warning
51.6,10.9,14372,37260,0.0563,1,9134,Healthy
56.7,25.1,22686,94477,0.0332,2,7914,Healthy
46.8,89.5,33645,28733,0.044,2,2376,Warning
32.0,71.5,2666,38091,0.001,3,3347,Warning
49.0,64.0,42963,68304,0.0378,2,4633,Warning
38.5,66.4,11053,92256,0.0015,2,3812,Warning
39.7,41.4,31796,50591,0.0274,1,6316,Healthy
50.9,4.5,7504,4938,0.0037,2,9297,Healthy
57.4,78.4,32946,85405,0.0089,5,2707,Warning
45.2,67.9,1681,46396,0.0041,0,5235,Warning
48.1,47.3,14166,92639,0.0117,1,6136,Healthy
62.0,90.0,40835,11819,0.0106,3,2342,Warning
47.4,33.6,7939,80758,0.001,3,6816,Healthy
71.0,29.4,35030,6528,0.0355,1,7391,Healthy
50.7,87.3,22229,26440,0.0385,1,2921,Warning
27.4,79.7,30945,97484,0.031,2,3220,Warning
52.5,51.5,14013,8922,0.0376,3,5042,Warning
48.8,13.1,1064,52151,0.0278,0,9403,Healthy
57.9,21.5,10839,60148,0.0554,4,7363,Healthy
51.7,65.6,2773,43941,0.0172,1,4064,Warning
43.6,38.5,38161,21188,0.0175,4,5479,Warning
32.8,83.6,31271,46780,0.0393,1,2907,Warning
42.9,95.0,23743,14972,0.0086,5,1475,Critical
36.5,80.6,34586,80936,0.001,0,3655,Warning
39.2,37.8,10724,36171,0.0277,3,5703,Warning
50.9,78.9,1328,61309,0.0059,0,4083,Warning
61.7,35.1,43470,73799,0.0129,5,6258,Healthy
48.9,16.7,34708,11460,0.0055,1,8491,Healthy
33.0,3.3,49749,77120,0.0351,2,9544,Healthy
49.4,38.6,17020,2574,0.0635,1,6856,Healthy
57.0,90.4,19789,73861,0.0011,0,3075,Warning
38.9,23.9,7224,35333,0.0053,2,7469,Healthy
43.7,20.7,42224,91241,0.0042,5,7528,Healthy
45.1,97.0,31439,36476,0.0224,1,2333,Warning
37.2,2.5,7687,70710,0.0112,2,9417,Healthy
51.5,78.6,3627,66158,0.0122,1,3425,Warning
43.8,32.1,33167,50608,0.0034,2,7078,Healthy
49.2,3.7,45458,21980,0.0107,2,9479,Healthy
36.1,91.8,4063,50638,0.0072,1,2736,Warning
40.6,14.0,37555,9943,0.0189,0,8266,Healthy
52.2,55.2,37039,70469,0.0049,2,5177,Warning
41.3,27.4,20343,1490,0.0191,1,7655,Healthy
62.3,6.5,32793,71592,0.0095,4,8637,Healthy
41.0,5.0,45935,92698,0.0085,1,9422,Healthy
47.2,11.6,3795,61836,0.0073,1,8825,Healthy
54.3,7.1,9212,29597,0.0224,1,9032,Healthy
30.8,76.1,32159,70745,0.0165,4,2979,Warning
27.4,48.6,7342,90393,0.0382,0,5820,Warning
29.7,34.3,10041,19686,0.0055,0,7119,Healthy
57.6,41.8,20101,51856,0.0008,3,6576,Healthy
39.5,92.9,2800,99675,0.004,0,2776,Warning
70.6,91.1,18185,85244,0.0084,5,1609,Critical
39.4,71.6,13439,88515,0.004,2,3725,Warning
46.8,88.5,15934,93514,0.0017,1,2760,Warning
60.4,32.0,11184,13422,0.0118,2,6845,Healthy
65.1,38.1,29643,93115,0.0226,2,6979,Healthy
65.6,61.4,36030,31266,0.0279,2,4790,Warning
57.1,62.4,41174,20287,0.0102,2,4153,Warning
55.2,48.2,32002,23037,0.013,2,5300,Warning
50.9,40.1,29144,76419,0.0282,1,6266,Healthy
52.8,98.6,13237,53534,0.0087,2,1625,Critical
39.5,82.1,35005,97931,0.0307,2,2527,Warning
36.8,43.5,49282,46042,0.0685,1,6334,Healthy
45.0,72.7,6048,3707,0.0425,1,3862,Warning
43.3,27.0,47561,28734,0.0121,0,7634,Healthy
40.5,10.0,32667,31068,0.0173,1,9023,Healthy
52.0,35.2,31289,69133,0.0252,1,7604,Healthy
54.6,40.3,48967,85058,0.0086,3,5953,Warning
45.9,1.7,49078,55203,0.0321,3,9782,Healthy
59.8,81.5,31971,53123,0.0115,0,3354,Warning
33.6,35.9,18289,53954,0.0375,4,6111,Healthy
43.1,58.0,22897,82004,0.0059,4,4357,Warning
37.8,7.4,3669,77185,0.0002,0,9715,Healthy
26.3,17.5,26112,61131,0.02,1,8372,Healthy
44.2,89.0,13077,75753,0.012,2,2357,Warning
43.8,60.9,32149,17142,0.0012,1,4184,Warning
60.1,95.0,21794,79676,0.0134,0,1958,Critical
51.3,99.9,44488,82873,0.0037,2,1912,Critical
34.8,37.2,33324,9490,0.0199,1,7190,Healthy
63.5,29.9,16932,54122,0.0118,3,7415,Healthy
57.2,85.8,32935,52163,0.0038,3,2220,Warning
50.8,99.9,1962,4670,0.0106,0,2176,Warning
42.7,63.0,18286,25317,0.0053,3,4105,Warning
35.4,79.5,29645,5636,0.0212,3,3401,Warning
41.3,78.2,45622,2212,0.007,2,3583,Warning
55.9,35.5,44491,94830,0.0345,3,6572,Healthy
63.8,57.4,40422,74187,0.0003,3,4506,Warning
60.4,83.3,8419,52979,0.0103,1,3501,Warning
40.1,68.8,38763,10973,0.0192,3,3928,Warning
33.8,2.1,45888,81339,0.0005,2,9630,Healthy
46.4,33.7,28501,85531,0.0049,1,6662,Healthy
27.3,14.4,32328,22125,0.0079,3,7883,Healthy
48.2,23.3,12302,14261,0.0004,2,7599,Healthy
43.5,90.5,38383,74954,0.0158,6,2419,Warning
40.3,3.7,20222,2321,0.0199,4,8498,Healthy
29.1,22.0,33235,49146,0.0052,2,7692,Healthy
50.1,31.0,22685,36700,0.0157,2,7015,Healthy
39.7,61.7,48508,84389,0.1409,1,5137,Warning
33.3,53.4,48329,48750,0.0436,8,4177,Warning
20.0,21.8,14997,84804,0.0012,2,7387,Healthy
44.7,16.4,21391,36947,0.0027,2,8165,Healthy
62.7,23.7,32926,29684,0.0136,0,7945,Healthy
61.6,50.3,8394,50254,0.0056,1,5320,Warning
40.4,27.1,4607,17311,0.0017,4,7032,Healthy
39.0,94.8,28954,27095,0.0059,3,1894,Critical
49.7,46.4,47620,92068,0.0013,5,5608,Warning
35.0,5.9,15575,18257,0.0151,3,9065,Healthy
48.0,72.9,45005,12454,0.0135,6,2598,Warning
52.7,32.9,14434,95829,0.0001,0,7319,Healthy
57.3,65.3,18930,61849,0.0132,2,4886,Warning
44.0,28.0,47982,38430,0.0147,2,7466,Healthy
43.0,57.1,48903,92842,0.0186,1,5356,Warning
36.2,77.2,27378,89260,0.0702,2,3102,Warning
36.7,92.8,18849,95272,0.0811,4,1510,Critical
42.7,26.1,30611,4311,0.015,3,7046,Healthy
48.7,33.5,37569,30868,0.0373,3,6694,Healthy
54.1,46.4,40285,33219,0.0018,1,6134,Healthy
37.0,92.7,25172,9137,0.0151,2,2206,Warning
59.9,90.1,42426,12633,0.0227,2,2693,Warning
42.3,9.0,31246,47486,0.0166,2,8920,Healthy
44.8,13.2,11157,29371,0.0052,0,8339,Healthy
37.5,49.6,26527,93607,0.0013,3,5302,Warning
20.8,10.7,42082,41972,0.0098,3,8499,Healthy
53.8,34.6,44190,58833,0.0209,1,6854,Healthy
52.4,14.8,48754,56008,0.0959,3,8052,Healthy
42.2,63.6,11136,1901,0.0054,0,4707,Warning
45.7,94.9,14160,10504,0.05,4,1931,Critical
50.2,99.7,13707,99349,0.0014,1,1423,Critical
29.4,37.5,35202,35801,0.0535,3,5945,Warning
39.7,59.9,24174,94044,0.0357,1,4510,Warning
52.9,85.6,48964,6401,0.0004,1,3182,Warning
32.5,11.7,19873,70121,0.0071,3,7994,Healthy
47.9,69.0,33070,68251,0.001,0,4646,Warning
31.4,40.9,33098,49309,0.1081,2,6181,Healthy
49.7,20.6,28310,81799,0.0112,1,8060,Healthy
44.6,40.3,44188,58671,0.0217,4,6076,Healthy
28.8,7.6,11783,68220,0.0053,5,8901,Healthy
56.6,69.5,3062,65244,0.0543,2,3616,Warning
37.7,25.3,35195,10854,0.0064,1,7557,Healthy
36.9,31.1,30100,59360,0.006,0,7029,Healthy
47.0,12.1,29237,10004,0.0076,2,8682,Healthy
56.5,86.5,35652,54820,0.0124,0,2917,Warning
34.8,49.3,46353,4023,0.0004,2,5321,Warning
45.6,57.2,33671,74743,0.0182,1,5066,Warning
49.3,56.9,45421,87203,0.0006,2,4736,Warning
51.9,41.0,47450,34287,0.0155,1,6742,Healthy
46.8,19.3,43961,91907,0.0122,5,6852,Healthy
41.3,74.5,39264,24482,0.0056,6,3261,Warning
36.7,12.7,47678,1549,0.008,2,8985,Healthy
45.9,10.4,16659,13881,0.0245,5,7887,Healthy
34.3,71.0,42504,68376,0.0002,4,3607,Warning
20.0,20.9,48174,48890,0.0076,2,8645,Healthy
49.4,30.7,45063,12561,0.0228,0,7593,Healthy
54.0,47.5,5791,71741,0.0033,4,5091,Warning
21.4,44.9,3632,50796,0.0164,3,6071,Healthy
34.9,70.9,49091,24514,0.0037,1,4300,Warning
51.2,62.3,20833,65035,0.0034,2,4293,Warning
65.6,64.4,18027,99509,0.0296,2,4146,Warning
45.2,71.4,43214,65691,0.0062,1,4017,Warning
37.7,29.3,13582,52076,0.0094,2,7744,Healthy
43.2,32.2,26781,28647,0.0262,0,7053,Healthy
58.7,43.8,5556,68520,0.004,2,5997,Warning
38.5,30.7,3513,56648,0.0152,1,7825,Healthy
37.0,98.5,7185,2245,0.05,2,1525,Critical
40.2,81.4,28037,22648,0.0161,2,3389,Warning
35.5,16.5,20663,16716,0.001,3,8040,Healthy
46.2,0.6,9432,98583,0.0178,1,10000,Healthy
61.2,4.3,37675,42429,0.0019,2,9569,Healthy
48.2,24.4,7486,63137,0.0066,0,8091,Healthy
42.5,11.4,26437,60491,0.0379,3,8422,Healthy
42.1,53.3,34808,22512,0.0002,3,4860,Warning
29.4,85.8,29672,66813,0.0016,3,2013,Warning
53.8,73.7,33524,10025,0.009,6,2891,Warning
44.2,21.6,35371,43848,0.1482,2,7857,Healthy
43.2,39.9,49910,60947,0.0069,2,6639,Healthy
76.9,50.8,11130,69150,0.0034,4,5809,Warning
48.0,81.0,13238,86530,0.0159,6,1893,Critical
37.5,83.9,47469,67381,0.0146,2,2830,Warning
40.7,91.0,15746,2541,0.0119,1,2651,Warning
56.5,50.9,28912,80366,0.0586,1,5366,Warning
46.1,69.4,23522,79234,0.0066,0,4610,Warning
30.6,11.2,10745,52326,0.0069,2,8789,Healthy
54.2,56.5,14728,75783,0.003,3,4760,Warning
38.3,24.9,24586,17573,0.0239,1,7333,Healthy
63.7,43.2,22509,96322,0.0078,4,5719,Warning
55.8,63.4,39366,28528,0.0325,2,4625,Warning
40.5,25.7,22832,92146,0.0713,3,6732,Healthy
57.8,5.2,46657,23940,0.0009,0,9478,Healthy
45.7,1.0,19525,33387,0.0996,4,8919,Healthy
53.5,2.2,12295,39437,0.0059,2,9691,Healthy
49.8,0.8,18822,65545,0.0109,2,9186,Healthy
36.5,11.0,16594,62003,0.0301,3,8631,Healthy
38.6,23.9,21671,78282,0.0219,2,7852,Healthy
55.3,22.1,34586,27928,0.0301,1,8051,Healthy
41.7,98.7,23000,2113,0.0126,1,2160,Warning
41.0,30.6,225,48843,0.0496,3,7512,Healthy
35.4,12.7,48914,73659,0.0312,2,8835,Healthy
49.2,54.6,19418,60627,0.0074,2,5093,Warning
65.6,85.8,38785,52588,0.0593,1,3054,Warning
34.3,67.8,43262,71695,0.0649,4,4059,Warning
45.2,29.6,7690,45523,0.0107,2,6989,Healthy
59.1,56.2,34950,30153,0.0211,6,4470,Warning
44.2,71.5,12234,78116,0.0337,2,3918,Warning
49.5,72.8,25330,78012,0.034,4,3517,Warning
34.4,66.7,15158,16218,0.0003,2,3853,Warning
49.3,87.1,14401,75377,0.0198,1,2770,Warning
43.1,87.0,37961,54719,0.0728,4,1976,Critical
54.9,57.9,27139,54454,0.0053,2,5050,Warning
56.9,43.0,384,16796,0.0318,2,6350,Healthy
70.9,64.2,38434,26785,0.0153,1,4113,Warning
50.8,81.8,43625,52810,0.005,2,3161,Warning
48.3,0.6,41086,14634,0.001,5,9402,Healthy
46.9,99.2,18758,54142,0.0285,1,2290,Warning
41.5,18.3,28543,95373,0.0076,1,8806,Healthy
48.4,47.0,4072,955,0.0094,2,6082,Healthy
42.0,87.2,26267,73679,0.0133,2,3007,Warning
46.7,22.5,13779,70656,0.0142,2,7674,Healthy
58.2,47.7,44441,9367,0.0046,4,5368,Warning
34.9,13.3,29619,26077,0.0222,2,8064,Healthy
56.4,39.5,25804,29147,0.0236,3,6066,Healthy
58.2,17.7,36981,49394,0.0031,2,8449,Healthy
43.8,36.4,32048,91507,0.0152,2,6839,Healthy
23.8,37.3,14478,71135,0.0188,1,6025,Healthy
38.9,99.3,10428,14387,0.0041,2,1681,Critical
58.0,99.5,24832,43814,0.045,4,1058,Critical
44.8,11.5,17773,48703,0.0132,0,8991,Healthy
35.0,72.6,10473,93705,0.0024,0,4632,Warning
40.0,5.2,5820,559,0.0081,4,8460,Healthy
53.4,3.0,5253,13173,0.013,0,9469,Healthy
50.5,10.5,6326,55851,0.0002,1,9483,Healthy
42.6,96.5,3076,88731,0.0006,0,2223,Warning
41.3,94.1,38119,71567,0.0011,2,2380,Warning
41.1,19.4,36367,68800,0.0154,0,8486,Healthy
35.8,16.2,19397,2294,0.0082,1,8529,Healthy
61.2,24.1,16687,11221,0.0447,2,7369,Healthy
41.8,51.6,18306,59786,0.0164,1,5997,Warning
57.2,57.0,26035,6186,0.0285,1,5454,Warning
60.2,22.2,29733,47943,0.0232,1,7883,Healthy
55.0,75.7,10836,95503,0.0147,4,3135,Warning
40.7,31.0,41501,64763,0.0273,1,7484,Healthy
49.0,92.2,7071,63222,0.0157,1,2159,Warning
44.8,65.7,9607,53073,0.0097,3,3637,Warning
36.0,43.6,25824,13388,0.0114,1,6333,Healthy
48.2,79.0,22266,39848,0.0365,3,2816,Warning
33.2,81.8,13258,14033,0.0166,2,3306,Warning
56.9,29.0,25874,22416,0.0095,1,7383,Healthy
40.4,34.0,11208,61922,0.004,2,6484,Healthy
47.0,93.6,12177,51025,0.0137,2,2155,Warning
47.8,16.5,4275,4053,0.0058,2,7902,Healthy
42.4,4.2,35727,8644,0.0623,1,9537,Healthy
50.9,45.4,3062,91545,0.0135,2,5322,Warning
40.3,80.1,13716,60431,0.0002,1,3397,Warning
53.7,77.2,32353,64212,0.0019,0,3946,Warning
31.5,92.0,17851,5937,0.0067,3,1677,Critical
46.3,53.3,45725,90583,0.0019,3,5513,Warning
64.4,10.0,5310,33018,0.0449,2,8291,Healthy
35.0,58.9,32490,24330,0.0385,1,5144,Warning
38.2,77.8,35777,74785,0.0707,2,2826,Warning
50.1,9.3,43276,47053,0.0245,3,8306,Healthy
46.8,17.3,36273,88385,0.0207,1,8496,Healthy
48.5,1.2,16093,95325,0.0514,5,8995,Healthy
49.9,59.4,26959,6415,0.0585,2,4837,Warning
51.3,88.7,20978,29195,0.042,1,2886,Warning
56.1,67.1,15023,75770,0.0395,3,3617,Warning
49.1,98.2,33688,15203,0.0223,3,1064,Critical
42.6,6.3,27200,88535,0.0,1,9488,Healthy
51.7,90.3,24186,21978,0.0112,6,1040,Critical
64.0,81.4,40123,68418,0.0202,2,2703,Warning
43.7,31.4,47809,30628,0.0158,1,7233,Healthy
35.3,97.4,32671,53750,0.0344,0,2267,Warning
56.1,28.8,11117,91619,0.0342,2,7348,Healthy
43.8,88.9,37321,37626,0.0183,1,2267,Warning
23.3,88.1,19613,47299,0.0004,3,2360,Warning
53.5,75.8,45074,94728,0.0092,3,3008,Warning
39.6,56.3,46578,58748,0.0052,4,4796,Warning
44.1,12.0,14960,33407,0.0083,1,8878,Healthy
48.3,53.2,8186,8144,0.0192,0,5986,Warning
46.9,35.7,48644,35083,0.0014,3,6474,Healthy
52.1,79.2,18150,55060,0.0004,1,3322,Warning
40.6,75.8,40257,15685,0.0115,3,3842,Warning
50.1,91.1,19884,42488,0.0316,2,1730,Critical
42.4,1.5,11874,10946,0.0006,1,10000,Healthy
52.4,80.9,35068,23662,0.0378,3,2823,Warning
51.2,93.8,12242,14650,0.0097,1,1869,Critical
35.6,78.9,23107,41804,0.0025,3,2898,Warning
55.9,13.0,25258,95873,0.0168,0,9185,Healthy
39.6,8.1,6151,36503,0.0609,1,9322,Healthy
53.1,2.1,31676,52246,0.0156,2,10000,Healthy
48.7,62.9,4215,67423,0.0232,2,4596,Warning
63.4,63.0,19124,78245,0.0339,2,4613,Warning
42.8,98.7,6471,1483,0.0321,0,2339,Warning
41.5,39.8,28790,47614,0.0015,2,5816,Warning
44.8,33.2,39455,98187,0.027,1,7081,Healthy
42.0,62.4,32520,51774,0.0597,8,3400,Warning
53.0,82.6,43475,87839,0.0241,0,2915,Warning
28.8,93.7,48102,19878,0.0362,2,2028,Warning
34.5,80.3,46798,8048,0.0133,0,3369,Warning
34.3,42.7,9180,40121,0.0077,2,6143,Healthy
54.5,63.5,1983,66811,0.0226,4,4593,Warning
62.1,85.6,4921,87401,0.0136,1,3557,Warning
44.0,49.1,36690,96743,0.0451,4,5195,Warning
43.3,21.7,8438,90173,0.0733,1,8143,Healthy
45.7,17.0,22107,22031,0.0343,5,7934,Healthy
56.6,0.0,2577,18370,0.0983,2,9617,Healthy
35.7,71.8,13235,50047,0.0086,3,3187,Warning
47.4,11.1,42523,46238,0.0452,5,8075,Healthy
54.8,24.4,10537,68037,0.008,2,7462,Healthy
50.0,29.8,48200,15256,0.0025,1,7659,Healthy
46.9,56.0,9602,58207,0.0194,0,5310,Warning
55.0,39.8,29336,41330,0.0121,2,6423,Healthy
20.0,67.5,468,93899,0.0509,2,4240,Warning
51.8,5.6,25939,10546,0.0136,3,8679,Healthy
38.5,12.4,46466,24152,0.0525,4,7818,Healthy
26.7,49.9,35615,55529,0.0016,5,4638,Warning
50.1,33.7,7662,37456,0.0355,2,7368,Healthy
58.7,29.6,7239,14386,0.0285,2,7394,Healthy
43.6,6.7,27241,86781,0.0255,2,9035,Healthy
54.5,89.6,42878,32323,0.0088,3,2504,Warning
61.1,69.2,6804,39448,0.0306,1,4607,Warning
58.1,12.2,1987,13822,0.0132,0,9005,Healthy
61.4,6.5,12075,73830,0.0251,3,8973,Healthy
52.4,97.5,49311,6662,0.0161,1,1780,Critical
45.8,68.1,644,82793,0.0034,0,5059,Warning
29.0,41.7,19548,6405,0.0013,2,6272,Healthy
42.5,70.2,22930,94801,0.0091,1,4522,Warning
36.6,75.6,46423,57983,0.054,2,3867,Warning
66.7,78.0,24026,38957,0.0151,3,3194,Warning
43.2,47.8,31102,85440,0.0324,2,6086,Healthy
46.2,43.0,47681,15880,0.0172,1,5954,Warning
50.5,1.1,13433,16008,0.0634,2,9329,Healthy
45.4,92.7,17042,20176,0.0092,0,2837,Warning
62.0,60.3,14784,89296,0.0012,2,4663,Warning
38.8,20.3,26188,72933,0.0303,3,8106,Healthy
46.9,92.0,22547,2064,0.0244,1,2543,Warning
37.6,91.5,8961,14370,0.015,1,3115,Warning
31.8,98.9,24933,14719,0.0079,0,2050,Warning
38.9,87.4,17554,82477,0.0042,0,3003,Warning
44.6,99.8,1150,20380,0.0132,2,1692,Critical
40.7,24.5,20522,10879,0.0219,2,7865,Healthy
38.1,84.2,21630,54794,0.0173,0,2859,Warning
30.9,82.3,47160,3448,0.0115,3,2810,Warning
44.2,23.1,15856,95629,0.0155,0,8199,Healthy
30.0,9.8,4122,36402,0.0023,2,8728,Healthy
52.6,97.9,41204,84007,0.0238,3,1605,Critical
45.8,29.6,2734,9469,0.0265,4,6603,Healthy
30.4,87.1,27245,63305,0.0002,2,2143,Warning
41.9,0.4,7388,21146,0.0063,1,9684,Healthy
37.5,2.1,9092,61066,0.0019,1,9094,Healthy
48.2,46.6,34353,56318,0.1268,4,5356,Warning
58.4,23.9,27105,63951,0.018,1,7501,Healthy
26.2,69.0,49924,4178,0.0125,2,4341,Warning
46.2,56.6,12266,93555,0.0124,1,5089,Warning
43.4,7.7,28165,69379,0.0669,2,9298,Healthy
51.7,16.3,17898,4514,0.0216,0,8533,Healthy
47.1,38.8,29401,5607,0.0037,1,6897,Healthy
37.5,18.6,3994,37923,0.0119,2,8173,Healthy
41.8,79.2,3946,32832,0.0298,2,3492,Warning
37.0,41.6,14581,34510,0.011,2,6277,Healthy
55.8,9.3,42254,89435,0.0074,1,9435,Healthy
45.2,48.4,30321,3161,0.0947,1,5862,Warning
64.0,9.1,47864,5298,0.0549,2,8994,Healthy
44.4,12.9,8148,66576,0.0568,0,8647,Healthy
37.9,24.0,27486,22829,0.0028,2,7935,Healthy
29.9,86.0,33436,56560,0.0053,2,3273,Warning
27.0,92.5,39358,26350,0.0117,1,2412,Warning
29.2,82.6,23953,85205,0.0357,3,2521,Warning
47.7,33.4,34813,3657,0.0267,4,6186,Healthy
50.1,27.2,16891,37985,0.0379,1,7168,Healthy
29.2,54.9,4328,5836,0.0507,3,4574,Warning
54.0,72.2,12045,73201,0.0304,0,3973,Warning
40.2,99.3,41673,93654,0.0061,0,1583,Critical
46.5,13.2,39999,42780,0.0067,0,9042,Healthy
61.1,4.9,24781,52645,0.0087,5,8368,Healthy
54.0,69.4,35086,79790,0.0072,0,4660,Warning
42.3,83.2,15075,5709,0.0057,1,3471,Warning
36.1,84.6,48477,61902,0.0279,4,2516,Warning
23.5,67.8,7811,80526,0.0007,4,4023,Warning
37.8,95.4,44859,93637,0.0261,2,1752,Critical
42.9,51.1,12205,8145,0.0347,2,5010,Warning
35.1,91.4,49745,39008,0.0014,5,1189,Critical
43.7,96.8,30246,58322,0.0013,0,2125,Warning
45.8,84.7,15338,6518,0.0067,2,2821,Warning
42.8,31.0,3968,51408,0.0047,5,6487,Healthy
38.5,19.6,44394,26874,0.0174,0,8486,Healthy
46.7,54.8,10160,6213,0.0225,1,5666,Warning
49.4,45.3,5533,96108,0.0201,1,6631,Healthy
34.1,87.8,22712,87571,0.0088,1,2948,Warning
59.1,10.0,17922,97356,0.0138,3,8691,Healthy
44.0,25.8,34220,93599,0.0204,0,7794,Healthy
45.2,75.2,41104,84998,0.0025,2,3139,Warning
52.1,9.5,21394,1526,0.0052,3,8457,Healthy
47.3,32.1,18864,70509,0.0442,4,6517,Healthy
54.5,38.7,4660,70703,0.0084,4,5534,Warning
47.9,62.3,16683,51606,0.0323,1,4593,Warning
38.9,15.8,15660,93925,0.0058,1,8889,Healthy
48.6,86.1,4524,92176,0.0009,2,2696,Warning
33.6,44.8,40715,83006,0.0139,2,6112,Healthy
46.1,91.7,26963,81977,0.0446,2,2620,Warning
44.7,46.8,47063,95064,0.0342,4,5453,Warning
42.9,27.5,29569,33952,0.0058,4,7012,Healthy
43.7,14.2,37665,88462,0.0481,2,8564,Healthy
26.2,0.4,23284,3768,0.0131,2,10000,Healthy
39.5,53.2,24010,81229,0.001,1,5545,Warning
45.9,10.7,47177,94102,0.0006,4,8307,Healthy
46.6,39.2,22504,1158,0.0133,4,6221,Healthy
34.7,58.9,35275,34564,0.0158,5,4474,Warning
57.7,27.6,3891,34793,0.0017,2,7350,Healthy
36.3,17.5,32308,43542,0.0511,4,7760,Healthy
54.7,77.5,39376,8292,0.0253,4,2939,Warning
49.3,94.7,47275,7104,0.0323,1,2421,Warning
38.5,10.0,9729,48321,0.0175,3,8000,Healthy
62.8,15.6,32994,39057,0.0218,2,8739,Healthy
33.1,96.0,22090,7920,0.0098,3,1756,Critical
54.2,3.8,42680,39021,0.0227,1,8821,Healthy
55.0,97.8,7794,62451,0.0765,6,233,Critical
38.3,0.5,36187,23518,0.0209,2,9517,Healthy
58.9,87.4,8773,63576,0.0084,3,1808,Critical
42.5,30.7,38299,5608,0.0067,1,7776,Healthy
47.9,93.9,32287,93186,0.0661,2,2690,Warning
47.6,31.7,4478,71283,0.0041,1,6845,Healthy
43.7,65.4,23653,74437,0.0328,4,3635,Warning
53.1,8.0,43880,17507,0.0125,2,8782,Healthy
52.9,24.2,39358,10497,0.0117,2,7656,Healthy
27.5,77.4,22624,5761,0.0275,1,3653,Warning
58.0,52.9,43431,70304,0.0032,1,5271,Warning
28.4,92.8,16722,72020,0.0126,1,2767,Warning
55.3,42.9,1520,21426,0.0007,1,6581,Healthy
56.3,87.0,47540,97898,0.0222,3,2779,Warning
34.1,44.9,440,98494,0.0012,3,5807,Warning
40.9,97.9,44410,66046,0.0018,4,1792,Critical
33.9,96.0,40388,17644,0.0373,3,1651,Critical
42.9,32.9,44053,26403,0.0117,3,6337,Healthy
41.9,88.6,5087,1677,0.0045,2,2846,Warning
52.8,84.8,26162,92982,0.018,1,2674,Warning
58.1,21.1,45617,61452,0.0146,2,7781,Healthy
59.0,62.4,32556,9668,0.0106,5,3738,Warning
39.4,7.3,38280,2889,0.0472,1,9589,Healthy
42.9,83.7,25408,6864,0.0277,4,2337,Warning
28.2,17.5,19962,27533,0.0033,3,8089,Healthy
36.9,7.1,7770,49045,0.0169,3,9144,Healthy
54.6,40.0,24346,12365,0.0019,2,6201,Healthy
61.2,57.7,13866,19436,0.0056,2,5101,Warning
32.7,85.5,29781,78363,0.0481,3,2415,Warning
39.1,97.4,8423,98288,0.0124,1,2058,Warning
44.7,43.9,1957,4241,0.0445,2,6043,Healthy
47.8,6.0,47323,90037,0.0036,3,9212,Healthy
36.9,74.9,30687,4339,0.0046,1,3767,Warning
49.2,56.5,25918,19639,0.0087,2,5066,Warning
40.3,44.8,25347,47405,0.0091,3,6358,Healthy
44.9,30.9,33372,91434,0.0274,2,6683,Healthy
50.5,50.2,40335,53249,0.0183,3,5570,Warning
45.1,33.9,18640,25536,0.0161,2,7433,Healthy
40.6,75.7,25937,45772,0.0184,0,3891,Warning
43.9,54.4,8584,2240,0.0263,2,4827,Warning
44.1,87.7,30782,84544,0.0447,0,2757,Warning
41.3,54.4,31807,59288,0.0107,6,4362,Warning
42.4,23.8,44710,32111,0.0325,2,8111,Healthy
61.0,85.1,5023,71327,0.0137,4,1913,Critical
50.6,55.7,42119,31609,0.0256,4,4844,Warning
42.0,20.7,16020,19981,0.0416,1,7664,Healthy
52.0,62.4,43363,5747,0.0007,2,4455,Warning
41.7,35.8,22038,54121,0.0158,0,7476,Healthy
56.7,84.4,13419,21883,0.0909,2,2935,Warning
48.7,45.3,42261,65035,0.0137,5,5477,Warning
43.9,72.6,7000,25819,0.0399,0,4451,Warning
49.5,9.6,2260,39834,0.0041,5,8231,Healthy
29.3,39.6,16336,24228,0.0185,1,6661,Healthy
33.7,98.3,6321,99656,0.0409,1,1859,Critical
33.1,80.8,25394,30942,0.0113,1,3455,Warning
46.4,16.0,10138,87346,0.0133,1,8627,Healthy
62.3,27.8,19751,43021,0.0017,4,7461,Healthy
67.3,33.0,23460,65277,0.0009,1,6700,Healthy
51.4,65.0,8355,87488,0.0126,2,4346,Warning
50.0,75.7,2799,12637,0.0371,0,3846,Warning
27.0,75.0,43993,44136,0.0536,0,4346,Warning
39.6,51.0,22028,15405,0.0215,2,5230,Warning
37.1,81.1,48269,87809,0.035,1,3186,Warning
38.8,43.7,472,30524,0.0265,2,6087,Healthy
43.3,12.4,47412,65466,0.0242,5,8125,Healthy
40.3,56.4,18998,18202,0.0293,2,5003,Warning
25.2,95.2,23955,17005,0.0141,3,1602,Critical
52.5,79.3,34858,70290,0.0122,0,3443,Warning
34.3,57.9,9707,61571,0.0035,2,4639,Warning
47.4,64.7,39658,8998,0.0371,0,4516,Warning
65.7,93.1,8653,78210,0.0009,1,2245,Warning
35.8,42.8,5483,58956,0.0062,2,5946,Warning
20.0,33.1,48443,95458,0.0147,1,7726,Healthy
42.1,97.7,815,30233,0.0712,2,1844,Critical
56.0,86.3,9937,67932,0.0308,2,2353,Warning
64.6,32.3,14050,57658,0.0092,1,7337,Healthy
32.7,46.4,8092,4411,0.025,6,4596,Warning
50.0,41.5,26917,49605,0.0536,2,6605,Healthy
40.3,14.9,49903,74376,0.0155,1,8451,Healthy
43.9,95.8,33918,83459,0.0124,2,2255,Warning
71.4,40.4,13457,64822,0.0161,2,6369,Healthy
30.0,87.5,4842,37172,0.0075,5,2072,Warning
47.5,18.9,13469,70912,0.0476,1,8274,Healthy
49.7,54.8,5144,66739,0.0319,3,4148,Warning
55.9,2.4,10388,64304,0.0244,2,9543,Healthy
46.0,76.4,25478,62227,0.0178,2,3182,Warning
48.1,58.1,7361,6940,0.0698,3,4688,Warning
41.1,62.6,43714,97973,0.0071,3,4554,Warning
47.7,5.2,18164,68060,0.0067,2,9604,Healthy
41.6,21.1,9899,16251,0.0055,1,8434,Healthy
51.2,7.4,3622,13230,0.0271,1,8860,Healthy
41.3,28.9,13790,65292,0.0319,3,6653,Healthy
48.8,62.7,2157,21880,0.0182,1,4805,Warning
44.7,56.6,35589,29472,0.0211,0,5619,Warning
56.3,61.2,37689,64885,0.0086,0,5309,Warning
44.5,54.9,35431,37613,0.0008,0,5872,Warning
27.3,27.3,14659,10649,0.0059,2,7254,Healthy
57.6,24.5,13792,55514,0.0176,1,7865,Healthy
35.9,13.7,48529,38902,0.0335,3,7900,Healthy
38.5,84.9,302,83417,0.03,3,2966,Warning
39.0,61.6,33809,50057,0.004,2,5017,Warning
58.7,18.7,17072,98395,0.0011,2,8076,Healthy
23.6,17.7,41630,743,0.038,4,7522,Healthy
76.4,87.3,9637,2914,0.0016,1,2488,Warning
55.6,74.3,1742,4356,0.01,3,3520,Warning
47.2,65.9,1465,72299,0.002,1,4203,Warning
44.5,40.7,40424,81835,0.0166,3,6335,Healthy
47.9,26.2,108,59449,0.009,1,7716,Healthy
50.2,97.9,49783,41892,0.0045,2,1677,Critical
51.5,79.7,28920,12970,0.0181,2,3440,Warning
50.6,30.2,33903,14272,0.009,4,6234,Healthy
45.9,84.8,45631,27882,0.0036,2,2948,Warning
43.0,75.9,18101,99945,0.0241,5,2898,Warning
43.5,29.7,6822,70162,0.0363,1,7320,Healthy
43.1,42.7,20200,85444,0.0064,2,6395,Healthy
56.3,18.6,17560,80899,0.0041,3,8306,Healthy
50.9,11.1,24087,14084,0.0016,2,8774,Healthy
20.0,72.3,4115,23891,0.015,1,4150,Warning
51.6,26.8,39997,85876,0.0356,4,6895,Healthy
46.9,82.0,3062,37465,0.0058,3,2635,Warning
44.8,99.6,4940,91707,0.0123,2,1704,Critical
41.1,7.7,20633,12597,0.0035,0,9281,Healthy
56.2,47.3,20554,19339,0.0104,1,5898,Warning
54.5,80.2,48205,83810,0.0003,3,3437,Warning
37.3,78.9,5799,38193,0.0483,1,3830,Warning
49.1,76.0,6022,52488,0.0226,2,3125,Warning
35.3,34.9,25019,50269,0.0081,1,7287,Healthy
31.2,45.4,26608,2969,0.0426,1,6350,Healthy
38.7,59.5,21764,12968,0.004,3,4696,Warning
53.6,97.4,32370,39525,0.0016,4,1734,Critical
54.5,32.8,25378,3665,0.0572,2,7389,Healthy
50.1,92.3,14962,58103,0.0074,1,2638,Warning
52.3,26.9,13698,77406,0.055,0,7680,Healthy
50.2,98.9,1998,43751,0.0203,2,1538,Critical
38.6,67.0,23039,48026,0.0783,1,4203,Warning
49.3,46.4,31388,29442,0.028,1,6177,Healthy
53.0,61.3,24874,45517,0.0022,3,4865,Warning
52.5,27.3,2922,61055,0.0382,3,6807,Healthy
56.9,27.4,37352,32709,0.0032,1,7874,Healthy
52.1,11.4,25149,39865,0.0236,3,8898,Healthy
48.5,11.4,21984,1907,0.0139,0,8591,Healthy
55.7,34.8,13152,64581,0.0246,3,6479,Healthy
44.7,76.3,18138,26476,0.029,1,3311,Warning
36.2,60.8,17075,42469,0.0326,5,4232,Warning
43.4,10.3,34716,38825,0.036,2,8492,Healthy
37.6,85.2,13369,57241,0.0376,3,2246,Warning
38.2,60.1,3141,16015,0.0106,1,5367,Warning
43.6,96.1,16651,36674,0.044,0,1987,Critical
37.1,67.0,4479,77830,0.0254,3,4103,Warning
41.9,17.5,7761,6200,0.0365,3,7951,Healthy
26.1,47.4,7067,74163,0.0905,1,5759,Warning
47.1,64.8,29970,53879,0.0025,4,3979,Warning
45.0,2.8,45067,27891,0.0093,1,9505,Healthy
36.8,1.5,15774,76776,0.0329,3,9577,Healthy
51.6,12.9,20494,67581,0.0018,3,8666,Healthy
54.4,25.2,13631,89727,0.0156,1,7896,Healthy
28.9,43.0,21470,57784,0.0391,4,6166,Healthy
37.4,48.7,18665,82554,0.0004,3,5700,Warning
37.3,13.8,932,62706,0.0561,1,8415,Healthy
35.6,67.3,47078,94090,0.0765,0,4351,Warning
53.3,59.6,17505,79093,0.0078,0,5837,Warning
43.1,29.4,10285,59985,0.0291,3,7261,Healthy
42.4,1.4,3592,72039,0.0027,0,9940,Healthy
25.0,7.8,44730,34532,0.0296,4,8609,Healthy
51.4,39.2,388,18656,0.0131,4,6073,Healthy
32.6,15.4,40684,49816,0.0394,6,8238,Healthy
45.6,37.7,1176,49287,0.0048,1,6542,Healthy
47.8,62.8,48432,93599,0.0223,0,5213,Warning
58.6,54.7,34239,42079,0.0308,1,5760,Warning
31.9,23.1,1174,58074,0.0045,0,7942,Healthy
20.0,34.4,37802,72761,0.0341,1,6790,Healthy
46.8,61.4,27635,87718,0.0634,1,4387,Warning
63.0,86.1,32907,93763,0.0191,4,2004,Warning
57.4,75.3,4374,59735,0.0307,3,3589,Warning
47.1,55.3,28298,53404,0.0152,1,5324,Warning
40.1,36.2,49434,82221,0.0182,1,7077,Healthy
53.1,36.5,29959,37240,0.0003,2,6929,Healthy
35.3,87.9,38364,73630,0.0149,2,2546,Warning
49.8,3.9,45860,50054,0.0171,3,8797,Healthy
50.1,98.8,35376,7699,0.0222,0,2261,Warning
55.6,66.4,12118,39532,0.0037,1,3740,Warning
72.6,68.1,8172,93386,0.0055,1,4712,Warning
48.9,3.8,13448,81910,0.0282,0,9004,Healthy
39.9,60.6,46778,4980,0.0037,1,4577,Warning
44.7,48.5,14052,30935,0.0108,1,5793,Warning
27.3,10.6,48933,30620,0.0058,4,7999,Healthy
38.1,27.8,418,72655,0.0158,1,7010,Healthy
40.9,89.0,11918,3107,0.0867,0,2822,Warning
39.8,55.0,26111,75418,0.0382,1,5218,Warning
46.5,41.3,18887,74616,0.0063,4,5733,Warning
36.8,7.3,46850,85824,0.0092,0,9339,Healthy
56.2,71.4,43724,22526,0.0502,0,3830,Warning
45.0,70.3,12616,17673,0.0457,5,3535,Warning
44.9,61.4,33596,89316,0.0035,2,4412,Warning
41.7,51.0,34155,34762,0.0354,4,5224,Warning
46.6,43.4,36869,52403,0.0071,1,6270,Healthy
53.3,59.3,8852,47656,0.0157,1,4986,Warning
36.3,23.3,1475,72746,0.0001,3,7413,Healthy
38.4,94.1,15070,99624,0.1313,1,2400,Warning
42.0,58.9,44946,78264,0.0286,2,5198,Warning
31.5,31.1,32892,62801,0.0055,1,7614,Healthy
36.8,45.0,17638,92091,0.023,2,5913,Warning
40.2,80.6,12757,64814,0.0069,0,3553,Warning
53.7,16.2,17943,97188,0.0019,1,8270,Healthy
47.6,29.3,15683,20949,0.0111,0,7494,Healthy
46.9,68.0,21591,93742,0.019,0,4182,Warning
53.5,31.5,37574,30966,0.0019,2,6896,Healthy
43.6,79.3,46531,88621,0.0146,3,3134,Warning
48.9,13.0,48712,24779,0.0145,1,8713,Healthy
44.0,76.3,42280,12337,0.0198,4,2915,Warning
47.7,6.8,18640,24709,0.0056,0,9728,Healthy
39.2,1.3,6079,12720,0.0004,4,8808,Healthy
20.6,89.8,8043,4465,0.0079,1,2614,Warning
43.7,58.1,9011,42776,0.0102,1,5854,Warning
59.2,35.2,40354,27730,0.0202,3,7018,Healthy
54.3,23.3,33973,89665,0.0532,2,7527,Healthy
54.7,61.7,3869,42420,0.0045,3,4826,Warning
57.4,50.9,2579,65665,0.0233,2,5315,Warning
45.9,99.2,10212,62044,0.002,1,1995,Critical
47.0,98.3,44139,93906,0.0042,1,2463,Warning
38.8,63.5,4831,83409,0.0142,2,4412,Warning
41.8,44.3,11461,95191,0.0246,2,6268,Healthy
51.2,49.1,48955,99510,0.0391,1,5785,Warning
57.0,68.2,36040,23536,0.0272,7,2944,Warning
43.6,10.2,46909,65822,0.0003,2,8984,Healthy
40.5,32.8,32305,5347,0.023,5,6509,Healthy
45.0,7.5,24669,86750,0.0348,5,7965,Healthy
51.0,7.3,7168,51272,0.0149,1,9104,Healthy
30.6,19.6,6657,13393,0.0674,4,7214,Healthy
22.0,48.5,36198,5149,0.0001,0,5617,Warning
39.5,78.5,38890,31071,0.0341,3,3038,Warning
32.8,48.5,45511,12113,0.0082,2,5808,Warning
39.9,33.5,34926,54333,0.021,4,6788,Healthy
43.5,8.2,22174,62923,0.0236,1,8655,Healthy
40.5,55.0,22255,90464,0.0073,3,4647,Warning
59.5,27.1,36489,41882,0.1077,5,7161,Healthy
48.3,61.5,42205,52848,0.0022,0,4851,Warning
48.0,97.7,36859,88569,0.0034,3,1150,Critical
51.2,11.1,30884,54205,0.0445,4,8777,Healthy
33.6,21.2,32501,76142,0.0025,0,8260,Healthy
55.4,47.3,11665,98349,0.0096,1,5865,Warning
44.2,96.9,24800,86430,0.0264,5,1016,Critical
51.7,77.2,41371,78313,0.0314,1,3306,Warning
34.3,89.8,15437,56317,0.0619,0,2711,Warning
29.5,33.4,11212,81484,0.0312,1,7200,Healthy
53.2,99.2,13861,79169,0.0372,4,1358,Critical
48.8,10.3,42891,44642,0.0597,0,8578,Healthy
36.0,5.3,8985,70682,0.0161,2,9616,Healthy
36.3,85.6,1476,14208,0.0084,5,2097,Warning
56.3,92.7,6039,6590,0.0287,1,2460,Warning
33.1,9.1,42049,53402,0.0036,0,9504,Healthy
61.4,11.3,2946,92670,0.0014,4,8180,Healthy
36.0,3.3,6917,92257,0.0308,2,9452,Healthy
51.4,10.5,7530,81428,0.0602,3,8545,Healthy
41.7,20.9,26428,44252,0.0117,2,7828,Healthy
51.0,97.0,11251,20143,0.0035,1,2062,Warning
39.6,66.8,27719,40147,0.0137,1,4276,Warning
43.4,77.9,34584,65582,0.01,1,3314,Warning
45.4,77.6,27764,80829,0.0093,3,3225,Warning
35.0,53.5,6880,97830,0.0198,3,5147,Warning
52.4,79.7,3431,73474,0.0038,5,2695,Warning
39.9,59.6,28704,84931,0.0096,2,5252,Warning
42.7,31.5,41949,18974,0.0406,2,7135,Healthy
35.1,56.1,17862,37902,0.0262,4,4578,Warning
20.0,53.4,23865,82987,0.0011,1,5594,Warning
43.1,82.3,37143,17004,0.0144,1,3874,Warning
69.1,98.2,22022,7268,0.0019,2,1411,Critical
52.8,41.1,23794,74543,0.0632,2,6764,Healthy
44.8,76.3,10656,95846,0.0056,1,3813,Warning
42.4,10.0,13655,1120,0.0539,2,8772,Healthy
45.2,77.7,49483,20947,0.0359,2,3264,Warning
50.5,37.1,10104,99257,0.016,3,6289,Healthy
33.2,3.9,38290,19618,0.0082,1,8969,Healthy
56.1,36.3,20910,62551,0.039,3,6506,Healthy
52.2,61.1,11288,47099,0.0033,2,4978,Warning
52.2,11.9,347,66994,0.004,2,8598,Healthy
49.4,92.4,20862,10700,0.0051,1,2269,Warning
45.2,7.8,46466,95354,0.0182,4,8337,Healthy
51.7,93.0,46095,99566,0.0075,1,2374,Warning
50.9,70.7,13911,59204,0.0905,3,3825,Warning
41.5,33.0,3841,53987,0.0043,4,6866,Healthy
39.3,39.1,29152,46965,0.0328,1,6078,Healthy
46.0,74.1,49314,30340,0.002,4,3129,Warning
60.5,60.1,34419,88940,0.0087,3,4797,Warning
32.6,67.2,6406,18935,0.0056,2,3868,Warning
30.3,38.9,3105,48397,0.0753,3,6157,Healthy
46.6,48.8,3422,98107,0.0005,2,5925,Warning
45.5,99.0,16108,64376,0.0256,3,1429,Critical
46.7,21.4,40865,90227,0.0057,2,7902,Healthy
47.4,41.8,24970,49912,0.0333,1,6080,Healthy
42.8,29.2,12566,72782,0.0075,1,7297,Healthy
59.9,76.5,45384,28984,0.0041,5,2964,Warning
29.0,76.4,33261,39158,0.0236,2,3696,Warning
36.7,29.2,2839,6553,0.006,3,6946,Healthy
44.0,8.1,37035,82555,0.0133,2,9289,Healthy
28.6,1.1,13294,55751,0.0028,2,9513,Healthy
43.2,42.7,4331,41145,0.0258,0,6551,Healthy
61.6,41.0,28368,3045,0.0104,1,6930,Healthy
45.2,98.8,1501,80483,0.003,1,1271,Critical
47.3,47.0,8186,95995,0.0271,2,5076,Warning
32.4,25.6,33773,77713,0.0022,2,7811,Healthy
38.8,89.1,629,9060,0.0171,3,2172,Warning
41.2,49.1,40879,62875,0.0187,3,5590,Warning
41.8,59.9,23562,4162,0.0533,2,4759,Warning
57.8,9.6,47869,79091,0.0033,2,8973,Healthy
50.6,38.3,37486,39997,0.0212,3,6522,Healthy
33.9,94.4,17056,53106,0.0096,1,2553,Warning
47.5,59.0,17127,62612,0.0102,6,4202,Warning
50.0,34.5,47776,78834,0.0139,2,7174,Healthy
56.4,62.6,20555,70844,0.0053,2,4432,Warning
60.8,91.0,39881,8548,0.0124,1,2634,Warning
34.8,27.4,42352,79143,0.0232,2,6964,Healthy
36.9,50.5,44655,7020,0.0122,2,5341,Warning
32.4,95.9,45702,17428,0.0009,4,1739,Critical
42.7,17.2,5705,55868,0.006,2,8448,Healthy
49.7,72.0,10777,24001,0.0087,2,3779,Warning
54.9,61.4,17038,54251,0.0088,6,4234,Warning
44.2,68.0,46919,36691,0.0017,3,3468,Warning
41.8,35.1,43634,29976,0.0119,3,6884,Healthy
46.5,31.4,43284,27448,0.0235,2,7012,Healthy
36.6,68.4,15109,4983,0.001,2,3561,Warning
65.9,21.6,30346,56623,0.0278,2,7544,Healthy
28.9,42.0,28285,40387,0.0621,1,6237,Healthy
46.8,18.8,29395,83517,0.0002,1,7982,Healthy
65.2,0.8,25619,76754,0.0043,2,9232,Healthy
45.1,97.0,21052,81409,0.0157,1,2179,Warning
43.1,43.2,46742,89280,0.0049,2,5972,Warning
41.4,96.9,9285,61555,0.0289,3,956,Critical
43.2,14.0,19943,93665,0.0075,4,8156,Healthy
58.7,58.7,17605,31757,0.007,3,4506,Warning
22.9,20.1,28122,18827,0.0,2,8401,Healthy
60.3,79.0,16539,71804,0.0063,0,3446,Warning
30.8,78.4,14760,25366,0.0049,0,3202,Warning
42.3,11.3,8949,45149,0.0084,4,8213,Healthy
40.7,91.2,29728,9666,0.0032,3,1778,Critical
50.9,19.5,24935,96779,0.0181,1,7929,Healthy
29.0,61.3,4836,82834,0.0055,0,4996,Warning
49.6,98.6,35477,9542,0.0356,1,1831,Critical
65.2,88.2,47543,12469,0.0067,4,2039,Warning
31.4,95.7,4009,52380,0.0047,2,1875,Critical
46.9,34.3,49655,73239,0.0012,2,7038,Healthy
38.4,10.6,14967,64088,0.0269,1,8866,Healthy
49.3,18.8,894,5141,0.0142,2,8151,Healthy
45.2,50.0,18045,29036,0.0024,0,6237,Healthy
38.6,79.3,15469,80410,0.005,0,3470,Warning
49.9,15.0,43701,15046,0.1332,2,8265,Healthy
63.0,66.0,23907,14602,0.0328,0,4716,Warning
43.1,32.4,10956,99395,0.0086,2,6583,Healthy
52.2,34.1,6895,99553,0.0156,6,5407,Warning
32.1,66.2,29485,9529,0.0108,1,4507,Warning
35.4,46.7,31163,48045,0.0007,2,5548,Warning
49.7,81.2,38360,11822,0.0302,1,3757,Warning
59.8,15.6,48662,13154,0.0252,1,8739,Healthy
48.6,79.0,10249,57163,0.0105,4,2562,Warning
41.9,6.4,26769,76001,0.0374,2,8509,Healthy
45.0,19.4,26428,60187,0.0153,2,7659,Healthy
32.5,65.6,37867,8008,0.0013,3,4180,Warning
51.0,85.5,38065,48359,0.006,2,2664,Warning
53.8,25.3,3662,22632,0.0124,1,7978,Healthy
40.5,32.7,33723,66300,0.0022,6,5861,Warning
40.3,53.7,42355,16525,0.0169,3,5228,Warning
47.7,21.2,36489,77524,0.0026,1,8202,Healthy
40.6,81.1,4306,66424,0.0045,2,3484,Warning
44.3,77.4,33906,68107,0.0449,2,3421,Warning
66.0,14.5,37464,25470,0.1716,0,8405,Healthy
42.5,46.4,20997,48236,0.016,2,6270,Healthy
41.4,77.5,14251,80490,0.0193,5,2701,Warning
38.5,33.7,4470,8340,0.0319,2,6746,Healthy
52.4,63.3,24145,30154,0.0238,1,4747,Warning
43.2,5.0,21800,77885,0.004,0,9956,Healthy
38.5,60.9,36315,52908,0.0106,3,4838,Warning
58.2,15.3,22334,86439,0.0153,2,8535,Healthy
59.2,83.1,48771,76467,0.0089,2,3213,Warning
39.0,35.5,15426,22942,0.0039,1,7077,Healthy
26.3,28.2,46924,65743,0.0266,2,7044,Healthy
55.1,84.1,38097,7130,0.0044,3,2952,Warning
38.2,5.0,2341,48236,0.006,1,8652,Healthy
52.9,39.7,30739,13508,0.0068,2,6413,Healthy
25.3,37.0,40686,47987,0.0035,1,6850,Healthy
53.9,28.5,39866,68895,0.0379,2,7934,Healthy
32.9,91.2,21378,2893,0.0189,2,1995,Critical
52.3,75.1,43023,95180,0.036,1,4056,Warning
45.1,6.4,6544,56471,0.0136,2,9140,Healthy
35.5,71.5,3115,80127,0.0147,1,3965,Warning
40.9,52.7,15003,88491,0.0191,1,5000,Warning
51.9,90.1,39683,69157,0.0093,0,2847,Warning
46.1,31.3,28243,75152,0.0137,1,7351,Healthy
50.8,57.4,4964,71007,0.0158,0,5315,Warning
64.8,50.1,9776,30144,0.0614,1,6226,Healthy
29.4,49.0,4334,90115,0.0429,2,5982,Warning
61.2,45.6,21440,94363,0.0028,2,5897,Warning
46.0,20.6,47015,36622,0.0008,2,8286,Healthy
36.0,75.6,18823,3897,0.0228,0,4323,Warning
31.7,45.1,8626,55069,0.001,1,5992,Warning
43.1,95.9,6942,78448,0.0012,1,1822,Critical
54.2,26.1,34726,52633,0.0035,4,6747,Healthy
43.7,68.3,1307,49019,0.0087,3,4234,Warning
60.1,94.1,17408,71557,0.0114,4,1561,Critical
30.5,66.3,5529,29651,0.0147,2,4062,Warning
44.9,87.1,7691,3972,0.0973,4,2421,Warning
32.5,82.7,45812,52269,0.0097,2,2877,Warning
48.6,36.0,38760,5981,0.0056,1,6601,Healthy
53.9,60.0,11877,39477,0.0171,3,5031,Warning
40.8,15.6,38813,20383,0.0048,1,8862,Healthy
20.0,53.6,40559,89415,0.0565,2,5068,Warning
47.0,23.0,12648,24765,0.006,1,7722,Healthy
49.4,74.4,46541,53244,0.092,2,3505,Warning
49.0,52.8,36895,24156,0.0108,2,5562,Warning
57.4,41.1,45324,9804,0.0335,1,6818,Healthy
34.3,26.9,37163,87116,0.0209,0,7504,Healthy
51.8,99.9,32155,46411,0.0542,2,1068,Critical
56.9,7.2,12969,43513,0.0196,3,8745,Healthy
27.2,4.4,23963,78481,0.0174,1,9111,Healthy
48.2,21.7,4761,40814,0.0212,4,7358,Healthy
40.0,97.1,47598,23357,0.0309,2,1620,Critical
44.2,97.9,44902,29394,0.0458,2,1231,Critical
48.5,65.5,18882,39070,0.0062,2,4864,Warning
40.1,88.0,49279,66580,0.0045,2,2593,Warning
38.2,21.4,45010,39920,0.0007,3,7949,Healthy
45.3,97.2,1998,82088,0.0092,0,1556,Critical
34.1,14.3,13019,56710,0.0374,4,7799,Healthy
34.1,10.1,40168,28234,0.0014,3,8386,Healthy
51.8,11.2,2527,36719,0.0155,2,8986,Healthy
33.5,57.3,34493,67472,0.0237,4,5102,Warning
51.7,78.1,10867,56313,0.0363,2,2959,Warning
49.6,36.7,18520,11507,0.0175,0,7097,Healthy
27.7,97.8,36223,28841,0.0041,2,2160,Warning
38.2,43.4,46921,97050,0.0668,2,5853,Warning
56.9,15.0,5002,49911,0.002,0,8562,Healthy
35.2,46.6,26950,73587,0.0293,3,5798,Warning
40.4,67.9,48654,79149,0.0018,5,3086,Warning
49.6,83.2,43134,48931,0.0031,0,2726,Warning
52.8,45.9,21720,5341,0.0457,2,4952,Warning
42.5,59.4,8380,41229,0.028,1,5229,Warning
39.0,26.7,15054,83138,0.0091,2,7863,Healthy
59.2,64.6,44864,85147,0.0204,6,3615,Warning
62.4,98.6,46914,77129,0.0122,3,1803,Critical
54.8,4.9,47073,73582,0.0014,0,8962,Healthy
45.9,88.7,37829,58304,0.0255,3,2461,Warning
36.9,56.2,32900,97835,0.0288,1,5316,Warning
36.7,25.2,37566,52506,0.0428,1,7480,Healthy
50.2,95.5,8987,22084,0.0156,0,2455,Warning
49.2,48.3,31707,61091,0.0224,1,6449,Healthy
59.0,33.2,32241,19861,0.0115,1,7409,Healthy
51.5,18.1,41584,80520,0.0077,0,8358,Healthy
30.0,24.4,13435,48371,0.0106,0,7853,Healthy
55.5,83.3,6277,14601,0.0486,1,3215,Warning
35.0,61.4,41306,43274,0.0036,1,5060,Warning
41.2,91.3,4026,43201,0.0057,1,2250,Warning
47.5,23.2,48246,13761,0.0186,5,7661,Healthy
65.0,12.1,43156,13709,0.0025,2,8611,Healthy
76.1,0.6,10254,29147,0.0445,4,9448,Healthy
51.1,50.8,3059,8721,0.001,1,5635,Warning
43.2,99.8,18711,48333,0.0282,2,2242,Warning
50.3,69.5,34261,85913,0.0094,1,4340,Warning
53.9,30.8,18507,26057,0.0011,2,6580,Healthy
41.8,87.7,13125,99034,0.037,2,2290,Warning
63.0,78.2,6164,8026,0.0205,2,3466,Warning
47.3,1.5,6739,1751,0.0002,2,9934,Healthy
50.0,81.7,2578,33088,0.0062,3,2910,Warning
51.7,30.1,8029,54992,0.0087,3,6621,Healthy
49.2,15.0,32426,7389,0.0078,1,8569,Healthy
53.4,22.6,22937,94802,0.0138,2,7890,Healthy
38.8,46.9,42041,29646,0.015,3,5880,Warning
39.4,42.5,30074,52818,0.0101,1,6822,Healthy
34.0,28.9,44283,74088,0.0081,4,7257,Healthy
49.4,17.2,8518,98584,0.014,4,7793,Healthy
52.8,76.2,17750,38138,0.0007,2,3009,Warning
49.6,99.0,34925,1647,0.0207,1,2142,Warning
61.7,77.8,46571,3347,0.0186,0,3611,Warning
44.9,29.6,14483,86270,0.0065,1,7909,Healthy
51.7,24.5,46803,60835,0.004,5,7235,Healthy
34.1,21.8,43311,85490,0.0015,1,7993,Healthy
41.1,13.7,31808,33888,0.0177,3,8924,Healthy
52.0,55.1,35809,64847,0.0168,2,5311,Warning
53.5,60.5,33024,99767,0.0152,1,5309,Warning
42.1,70.6,23482,40483,0.0848,4,3248,Warning
44.3,68.0,26749,44320,0.0152,2,3852,Warning
29.8,29.2,31240,26576,0.0256,2,6583,Healthy
41.4,33.0,45123,31252,0.0024,1,7429,Healthy
53.9,68.2,32663,61033,0.0071,4,3649,Warning
50.8,34.9,30473,16503,0.0064,5,6896,Healthy
50.0,21.3,17244,73454,0.0172,2,7972,Healthy
45.5,37.4,9065,18210,0.008,3,6490,Healthy
45.1,27.2,22891,66157,0.0205,1,8017,Healthy
38.4,8.8,23215,37581,0.0234,0,9211,Healthy
52.0,83.0,17441,50728,0.0007,1,3012,Warning
49.2,85.3,47673,93809,0.0204,2,2399,Warning
49.9,22.0,16737,83602,0.0025,0,8258,Healthy
39.7,6.5,24369,99598,0.0125,1,9385,Healthy
23.5,73.9,18053,21155,0.0259,2,3507,Warning
56.0,21.2,27894,8983,0.0243,3,8107,Healthy
40.2,39.3,23977,98724,0.0071,3,5659,Warning
36.4,6.4,40373,40594,0.0064,2,9317,Healthy
51.9,22.6,12505,41950,0.0116,1,7663,Healthy
41.1,79.3,27912,25709,0.0042,1,3697,Warning
55.6,80.4,45705,46816,0.0735,3,2933,Warning
51.2,20.7,41867,19056,0.0085,0,8380,Healthy
51.8,33.6,10073,28462,0.0513,1,7231,Healthy
31.3,13.4,24025,16138,0.0478,0,9115,Healthy
57.1,7.4,44723,39254,0.0091,3,8712,Healthy
47.6,99.2,23191,87119,0.0059,2,1767,Critical
41.3,65.6,19684,73117,0.0295,3,4342,Warning
46.4,54.2,39425,54876,0.0052,2,5728,Warning
27.2,76.5,9171,13853,0.0147,1,3817,Warning
49.1,84.0,5188,85888,0.0023,2,2765,Warning
34.7,80.7,49252,71796,0.0098,4,3301,Warning
31.5,1.7,16650,14271,0.0016,6,9058,Healthy
29.8,18.7,2163,66526,0.0067,1,8598,Healthy
56.1,65.5,27380,4763,0.0219,1,4626,Warning
38.7,37.6,8403,8269,0.0949,2,6485,Healthy
60.3,98.2,11731,25834,0.0059,5,672,Critical
39.6,66.5,1225,83617,0.0128,1,4826,Warning
27.9,95.7,35509,33249,0.0119,0,1414,Critical
33.8,20.1,22585,12135,0.0041,2,8049,Healthy
57.4,86.4,43103,65610,0.0188,3,2384,Warning
43.4,32.1,12894,2404,0.0258,3,6963,Healthy
39.5,99.0,18118,71305,0.0032,3,1404,Critical
46.6,15.8,8962,31468,0.0283,5,7755,Healthy
50.0,51.6,35979,2150,0.0241,0,5689,Warning
56.2,79.3,1790,12967,0.0044,1,3492,Warning
59.5,43.3,15840,98831,0.0209,3,5686,Warning
41.4,46.8,47962,47400,0.01,2,5833,Warning
31.7,98.6,48743,88680,0.0229,4,1038,Critical
40.9,42.5,23124,36018,0.0137,2,6717,Healthy
47.6,60.4,20441,93316,0.001,3,4092,Warning
35.4,5.5,9256,68915,0.0309,2,8852,Healthy
35.4,84.2,49532,4857,0.0162,5,2134,Warning
48.4,64.8,37314,94337,0.0258,3,4043,Warning
44.5,40.4,31153,11365,0.0027,0,7014,Healthy
45.3,1.6,10258,68868,0.0256,0,9845,Healthy
37.4,59.2,2908,94904,0.0107,2,4628,Warning
42.7,1.3,5502,61539,0.0321,6,8556,Healthy
35.8,0.1,2064,97439,0.0183,4,9363,Healthy
53.9,61.6,17306,71794,0.0088,5,3402,Warning
55.4,18.9,9729,3421,0.0045,3,7549,Healthy
26.5,19.2,32437,4928,0.0338,3,7729,Healthy
35.7,65.3,34929,74147,0.0164,2,4423,Warning
30.0,5.4,21659,89283,0.0876,2,9071,Healthy
38.5,31.3,3965,53057,0.0094,0,7554,Healthy
44.2,14.9,4394,96483,0.0231,4,7941,Healthy
30.5,58.0,47039,12866,0.0195,1,5354,Warning
35.8,66.2,13065,47423,0.0203,2,4197,Warning
35.0,72.1,12328,31064,0.0267,3,3381,Warning
47.1,25.5,48519,76011,0.003,1,7385,Healthy
45.7,8.9,31477,3142,0.016,4,8376,Healthy
37.8,7.9,49329,14349,0.0142,1,9114,Healthy
46.8,42.6,35027,19844,0.0084,1,6278,Healthy
39.5,94.6,12922,21714,0.0115,3,1325,Critical
42.3,21.8,30170,38726,0.0146,2,7923,Healthy
61.7,25.7,3287,92191,0.0077,2,7531,Healthy
58.4,10.1,7235,23022,0.0069,4,8561,Healthy
32.0,60.6,13608,7180,0.0268,2,4657,Warning
53.3,68.0,33657,13007,0.0014,2,3853,Warning
53.1,64.3,34190,75455,0.0075,4,4014,Warning
33.5,86.1,46255,49507,0.0212,2,3250,Warning
53.2,48.6,39541,49853,0.0047,4,5087,Warning
60.4,13.4,39984,88595,0.017,3,8214,Healthy
33.8,28.9,26167,69196,0.0072,2,7003,Healthy
35.8,66.2,18143,44733,0.0371,1,4436,Warning
55.2,61.3,30672,51365,0.0086,3,4225,Warning
47.7,53.1,9607,8372,0.0052,4,4859,Warning
50.5,68.3,3162,8339,0.0151,1,4652,Warning
48.4,63.7,24800,16152,0.0029,2,4712,Warning
48.9,88.1,18554,7359,0.0319,1,2675,Warning
31.7,58.6,10968,34020,0.0228,2,4864,Warning
55.5,77.9,2653,79340,0.0294,4,3175,Warning
56.7,24.9,29653,49766,0.0102,6,6212,Healthy
42.7,67.8,28611,70016,0.036,1,4185,Warning
44.6,90.2,17528,39593,0.0136,1,2992,Warning
29.7,38.6,42847,52470,0.002,3,6534,Healthy
50.1,77.9,6057,50120,0.0051,3,3089,Warning
50.7,72.5,44595,925,0.0248,1,3374,Warning
44.4,6.0,4678,74177,0.0453,1,8704,Healthy
56.2,58.2,38489,51227,0.002,3,4216,Warning
41.7,13.0,34834,76093,0.0399,1,8370,Healthy
50.6,96.7,10648,50485,0.0321,1,1749,Critical
34.8,81.1,21453,97839,0.0088,1,3594,Warning
44.8,11.0,46732,47584,0.0234,1,8461,Healthy
43.3,12.2,18734,70142,0.0041,1,8578,Healthy
47.3,59.4,11779,86123,0.0336,2,4969,Warning
41.3,34.5,47843,1908,0.0214,4,6444,Healthy
43.7,3.5,24817,85901,0.0116,0,9825,Healthy
53.3,54.2,47035,55837,0.04,3,5000,Warning
40.6,38.8,25679,40112,0.003,3,6630,Healthy
28.9,10.1,26830,39663,0.0374,0,9332,Healthy
62.5,80.2,34882,16343,0.0005,5,2244,Warning
58.8,91.5,4724,49864,0.028,1,2245,Warning
32.1,75.7,23203,28977,0.017,4,3178,Warning
51.9,82.2,25644,98493,0.0239,2,3004,Warning
40.0,21.6,28634,61582,0.0106,2,8158,Healthy
47.6,26.4,38736,27830,0.04,0,8199,Healthy
47.9,20.9,47494,95247,0.0075,1,8432,Healthy
42.7,76.5,33672,38069,0.0064,1,3633,Warning
37.2,94.8,28660,98703,0.0072,0,2728,Warning
38.1,71.7,33535,48614,0.0298,3,3995,Warning
35.8,88.1,33252,67794,0.0137,2,2582,Warning
36.7,63.9,44184,64606,0.0154,2,3979,Warning
44.3,38.8,19738,39048,0.0356,1,6352,Healthy
37.8,42.6,36308,63098,0.0358,3,5802,Warning
51.8,7.5,16496,95205,0.0035,4,8461,Healthy
59.9,3.1,40594,11760,0.016,2,9104,Healthy
39.2,69.5,44067,32850,0.0027,3,3715,Warning
47.4,43.8,26883,42241,0.0406,5,5601,Warning
50.0,55.2,5503,98714,0.0363,4,4815,Warning
49.7,55.8,23938,45681,0.0379,3,4745,Warning
45.8,27.7,39019,83946,0.0244,0,7902,Healthy
52.4,47.6,12459,1340,0.0126,4,5542,Warning
49.8,47.1,48095,62922,0.0104,1,6155,Healthy
32.6,38.8,22714,18225,0.0101,3,6297,Healthy
53.7,82.1,10157,12799,0.0014,0,3525,Warning
53.9,45.1,200,51152,0.0595,1,6123,Healthy
37.4,60.4,28755,96025,0.012,2,4664,Warning
45.4,89.6,5078,90541,0.0532,3,2374,Warning
51.8,86.6,42372,71595,0.0423,5,2307,Warning
42.9,89.0,11088,33097,0.0353,1,2399,Warning
55.7,27.0,14631,9207,0.0177,3,7921,Healthy
68.6,3.5,39402,49443,0.0021,4,8593,Healthy
37.1,26.1,49701,64303,0.0078,2,7485,Healthy
31.2,27.9,11731,94055,0.0185,0,7935,Healthy
48.0,90.9,11793,88877,0.0003,4,2005,Warning
52.2,64.9,36035,85676,0.0009,0,4513,Warning
42.7,8.2,38248,98662,0.0226,1,9187,Healthy
59.5,13.5,13923,75776,0.0438,2,8925,Healthy
31.6,15.6,24796,3655,0.0386,0,8654,Healthy
51.9,63.0,11729,24072,0.0037,3,3926,Warning
38.9,73.5,3956,60194,0.0484,2,3245,Warning
62.2,86.0,31151,67014,0.0238,2,3032,Warning
64.9,94.1,1175,76533,0.0252,1,2144,Warning
37.3,20.2,48623,45343,0.0072,2,7970,Healthy
39.5,31.0,20897,85467,0.0252,1,7391,Healthy
53.6,24.0,43782,35857,0.0247,1,7076,Healthy
41.1,35.9,33569,23667,0.0181,1,7223,Healthy
44.5,91.5,36216,71978,0.0088,2,2816,Warning
45.3,57.5,8285,19483,0.0333,1,5043,Warning
25.8,73.8,27941,35776,0.0555,2,3603,Warning
44.9,49.0,6936,45779,0.0408,0,6249,Healthy
38.1,2.9,46172,59983,0.0056,2,9223,Healthy
40.1,6.4,24696,83613,0.0118,1,9602,Healthy
59.4,53.8,43506,71951,0.0084,0,5843,Warning
32.4,71.9,22318,92369,0.0246,0,4603,Warning
53.1,21.5,35117,2545,0.0356,3,7292,Healthy
42.2,72.2,10805,90216,0.0049,1,4126,Warning
42.2,81.1,19706,42844,0.0589,2,3180,Warning
52.9,41.2,21475,10064,0.0226,1,6695,Healthy
48.4,74.6,42242,11605,0.0049,4,3185,Warning
50.7,40.4,27033,57254,0.0093,3,5883,Warning
54.7,67.8,8218,20556,0.0022,3,3528,Warning
41.7,76.4,35419,64065,0.0182,1,3506,Warning
38.9,99.2,26749,48189,0.0037,2,1470,Critical
34.1,34.5,45418,32635,0.0236,2,6687,Healthy
36.7,41.1,2314,33312,0.0267,1,6428,Healthy
74.5,16.6,8634,70547,0.0131,2,7878,Healthy
57.4,20.4,49969,23272,0.002,3,7457,Healthy
31.5,69.3,35328,81457,0.0189,3,3696,Warning
31.8,91.7,44796,93152,0.0093,1,2574,Warning
49.8,39.5,3355,8275,0.0598,3,5989,Warning
50.5,18.0,27941,92982,0.0144,0,8665,Healthy
50.5,28.5,5434,55023,0.0015,1,8037,Healthy
42.5,45.5,12381,11207,0.0202,2,5931,Warning
43.7,29.1,39698,13872,0.0302,0,8134,Healthy
48.3,23.4,40622,95850,0.0035,1,8285,Healthy
45.9,73.6,39808,62026,0.0119,1,4060,Warning
22.8,0.8,30797,65606,0.0272,1,9567,Healthy
42.7,53.9,10822,88643,0.0004,2,5214,Warning
36.5,79.4,36500,53975,0.0006,3,3321,Warning
46.8,26.6,16129,57701,0.0226,3,7267,Healthy
74.9,60.3,114,28457,0.0258,3,5123,Warning
48.7,66.9,44449,96314,0.0374,2,4116,Warning
41.9,65.5,47025,56743,0.0102,0,4712,Warning
54.2,44.6,11606,74252,0.0099,2,6588,Healthy
49.8,34.7,8308,76042,0.0161,2,6510,Healthy
49.2,83.6,27257,34493,0.0283,1,3703,Warning
51.1,75.8,10071,34516,0.0205,1,3060,Warning
65.6,32.1,41140,25854,0.0079,3,6567,Healthy
33.7,10.3,23283,49137,0.0085,1,8629,Healthy
49.7,7.2,23063,85262,0.0288,3,8295,Healthy
35.7,9.4,35947,84002,0.0153,1,8824,Healthy
50.6,58.3,8227,5348,0.0021,3,4597,Warning
35.8,5.2,42078,43173,0.0033,2,9238,Healthy
40.8,33.7,47882,12283,0.0381,1,6443,Healthy
42.0,75.3,15746,65194,0.1346,3,3780,Warning
54.8,29.4,25455,62365,0.0082,2,7069,Healthy
54.2,76.3,18308,54407,0.0098,3,3347,Warning
32.5,74.5,22813,51169,0.0034,0,3849,Warning
45.5,24.6,32367,11424,0.0054,0,8029,Healthy
37.9,72.9,3964,70678,0.0111,5,3238,Warning
32.4,74.8,10761,71232,0.0067,2,3814,Warning
42.8,39.7,32659,77191,0.0242,2,5870,Warning
41.9,21.0,10422,78091,0.0154,4,8041,Healthy
69.3,52.1,6810,20652,0.0346,1,4838,Warning
49.3,92.1,31462,8572,0.0258,1,2477,Warning
31.2,64.0,32480,82001,0.0027,2,4566,Warning
39.4,17.3,41384,45187,0.0026,3,7800,Healthy
55.2,68.3,14486,98026,0.0452,2,4058,Warning
65.9,42.7,13438,22442,0.0342,2,6206,Healthy
29.1,59.2,15416,47917,0.0126,3,4394,Warning
26.2,73.4,24563,92879,0.0028,0,3312,Warning
63.7,51.5,10303,61759,0.0458,1,5491,Warning
48.9,81.4,4988,5990,0.0052,4,3246,Warning
36.3,72.2,28292,22219,0.0007,2,3504,Warning
50.3,61.5,11425,49700,0.0516,6,3660,Warning
20.0,15.1,19188,39184,0.0331,6,7412,Healthy
45.0,83.6,9486,19394,0.0236,2,2739,Warning
48.3,93.6,48513,31337,0.0007,1,1851,Critical
54.2,13.7,39128,53312,0.015,2,8737,Healthy
34.9,48.8,11367,67782,0.0212,3,5567,Warning
45.9,25.9,31909,91107,0.0285,0,7805,Healthy
35.7,75.5,15519,74206,0.0127,2,3194,Warning
47.6,72.2,25580,99437,0.0613,5,2963,Warning
36.0,14.1,45954,56632,0.0056,0,9012,Healthy
40.9,87.7,3004,78925,0.0014,4,2297,Warning
35.0,18.1,44360,60661,0.0081,3,7917,Healthy
51.5,79.7,33991,19604,0.0217,3,3154,Warning
53.6,45.7,13530,15640,0.0267,1,6729,Healthy
42.7,32.8,15099,93772,0.0268,2,7278,Healthy
45.4,15.8,23419,8652,0.0023,2,7943,Healthy
30.5,16.8,20800,48986,0.0433,1,8923,Healthy
42.0,66.2,27733,85777,0.0066,0,4624,Warning
44.5,55.0,19208,38647,0.0047,3,5218,Warning
71.2,12.2,40989,88390,0.0191,2,8516,Healthy
33.9,11.3,24155,9166,0.0048,5,7564,Healthy
59.6,7.2,18742,94439,0.0142,2,9075,Healthy
55.0,74.4,3746,35226,0.0105,0,4444,Warning
47.8,71.2,13273,49189,0.0053,1,3798,Warning
62.6,5.8,7125,46616,0.0069,1,9198,Healthy
48.7,56.0,12649,71920,0.0112,1,5921,Warning
48.9,8.5,14953,78348,0.0085,3,9100,Healthy
44.5,90.4,41857,86034,0.0096,0,3029,Warning
57.2,90.7,30052,4320,0.0266,2,2520,Warning
56.0,69.8,11426,4822,0.0037,3,3899,Warning
38.7,92.6,3563,38735,0.0198,2,1906,Critical
31.8,81.1,27263,60461,0.0227,1,3130,Warning
43.0,82.9,32700,50856,0.0324,2,3335,Warning
37.0,57.0,47256,25423,0.0376,1,5156,Warning
44.4,30.6,14175,88978,0.0035,0,7015,Healthy
57.4,21.8,28809,34250,0.003,1,8085,Healthy
40.4,32.7,43415,98369,0.0191,2,6374,Healthy
44.6,62.8,37809,88948,0.0283,1,4533,Warning
45.6,17.3,16110,22483,0.0064,2,7689,Healthy
53.5,25.9,997,88110,0.0149,2,7514,Healthy
22.5,46.8,41112,6405,0.0296,2,5900,Warning
38.9,23.3,705,55983,0.0292,2,8150,Healthy
47.1,58.9,36545,25528,0.0212,1,5243,Warning
57.0,92.3,37415,70109,0.0016,2,2067,Warning
40.1,74.8,8752,52546,0.001,1,3540,Warning
26.2,66.6,32329,2734,0.0098,5,3794,Warning
51.2,58.3,30630,81309,0.0005,0,4830,Warning
38.6,48.8,38124,73667,0.0469,3,5904,Warning
33.1,18.7,49201,55511,0.0004,1,8435,Healthy
38.8,89.5,20514,12561,0.0006,4,1690,Critical
43.2,24.9,28003,49753,0.0036,4,6964,Healthy
39.0,9.1,14830,89854,0.0197,2,8691,Healthy
22.9,75.0,38024,45167,0.0156,3,3357,Warning
54.0,17.6,38641,89740,0.0215,3,8064,Healthy
57.7,37.2,27998,59296,0.0448,4,6099,Healthy
51.5,2.8,43754,95398,0.0121,3,9259,Healthy
33.6,13.7,16030,64565,0.0009,3,8162,Healthy
43.0,17.3,3618,76886,0.0288,5,8018,Healthy
44.9,5.4,31082,31138,0.0334,0,9761,Healthy
51.0,65.7,6875,82955,0.001,2,4674,Warning
51.7,83.7,24090,24384,0.0056,1,3208,Warning
37.7,37.3,5478,97516,0.0294,3,6735,Healthy
45.8,87.5,46502,31197,0.0094,3,1757,Critical
49.6,21.3,39541,84120,0.0128,2,7875,Healthy
59.6,32.5,6544,96337,0.0347,3,7214,Healthy
52.0,15.1,14276,7614,0.002,1,8895,Healthy
52.9,62.1,25160,31050,0.0226,6,3997,Warning
45.8,42.0,9479,7969,0.0048,6,5228,Warning
59.1,61.3,36595,48271,0.0013,1,5098,Warning
49.1,76.2,47093,6992,0.0217,5,3028,Warning
36.4,54.6,27668,2471,0.0026,1,5040,Warning
59.0,62.8,22865,46850,0.0275,0,5266,Warning
52.0,93.5,30902,10144,0.0045,2,2059,Warning
40.6,29.9,23296,92205,0.001,1,7111,Healthy
40.2,35.9,15568,64694,0.0021,4,5957,Warning
48.0,71.8,28949,83132,0.0368,1,3866,Warning
49.6,61.1,37213,13034,0.0093,1,4978,Warning
47.0,17.9,8274,13268,0.0072,1,8230,Healthy
48.1,37.6,45920,23125,0.0135,1,6508,Healthy
62.0,46.8,19198,29160,0.02,5,5031,Warning
55.7,41.9,7146,90180,0.0008,2,6299,Healthy
46.9,17.8,4286,75676,0.0457,0,8814,Healthy
54.4,92.4,16822,20532,0.0636,0,2559,Warning
34.7,76.2,42721,65435,0.0108,1,4223,Warning
49.0,48.1,6068,38392,0.0106,4,5070,Warning
63.1,68.0,45324,92625,0.0422,4,3524,Warning
42.8,89.7,48366,74686,0.0112,3,2378,Warning
36.5,13.6,40552,68879,0.0388,0,8823,Healthy
38.5,25.0,28370,24857,0.0006,1,8138,Healthy
34.1,54.3,48411,83012,0.0135,5,4237,Warning
37.2,79.9,41229,997,0.0609,1,3434,Warning
41.3,3.6,39373,2634,0.0058,0,9911,Healthy
30.9,98.4,6487,19333,0.0062,1,1378,Critical
45.2,45.5,24494,71448,0.0199,2,5546,Warning
54.0,35.9,11391,33166,0.0521,0,6888,Healthy
35.9,29.3,45674,57100,0.0044,1,7048,Healthy
60.2,17.4,30193,70328,0.0509,2,8128,Healthy
50.1,79.2,2710,93423,0.0218,6,2651,Warning
55.3,95.5,35341,97862,0.0994,3,1497,Critical
38.4,41.4,28437,526,0.0267,2,6486,Healthy
53.5,95.2,35556,12608,0.022,0,2050,Warning
34.1,82.4,4904,14970,0.0337,3,2539,Warning
53.9,48.1,34158,30285,0.0039,1,5743,Warning
46.7,67.4,10327,2753,0.0584,1,4286,Warning
50.5,43.5,31434,65038,0.0036,2,5622,Warning
33.2,55.9,6611,65389,0.0005,3,4493,Warning
36.0,5.8,41065,20526,0.0239,1,8830,Healthy
51.0,69.6,41582,53307,0.0041,0,4496,Warning
35.5,5.3,39540,63378,0.0284,3,9050,Healthy
49.6,81.7,19827,44758,0.0317,0,2500,Warning
31.3,82.5,49317,95310,0.0054,2,3488,Warning
53.5,23.7,31239,46647,0.0018,3,6915,Healthy
32.7,32.4,19894,45917,0.0139,3,7068,Healthy
50.5,48.1,3081,1586,0.0442,4,5622,Warning
51.3,59.7,12885,24906,0.0376,3,4931,Warning
38.0,28.7,14766,87487,0.0025,3,6904,Healthy
50.8,59.2,35683,75943,0.0669,1,5026,Warning
47.6,29.8,5196,73159,0.0061,0,7556,Healthy
39.6,5.5,14050,92338,0.0086,1,9889,Healthy
34.9,0.3,6773,7584,0.0032,0,9897,Healthy
25.4,10.1,1842,85883,0.0095,1,9398,Healthy
48.5,79.2,38588,53993,0.0202,1,3138,Warning
29.4,96.1,36377,23305,0.0141,2,1708,Critical
46.0,42.7,45141,62286,0.0352,2,6059,Healthy
42.4,51.3,3634,14748,0.0205,4,5084,Warning
51.8,14.7,14785,70503,0.0061,1,8603,Healthy
42.0,55.1,5236,25884,0.0163,6,4197,Warning
41.7,14.5,5685,3396,0.0013,0,8208,Healthy
52.3,61.1,27458,10862,0.0174,1,4514,Warning
48.4,93.3,8654,85548,0.0099,2,2290,Warning
48.2,19.6,44341,86675,0.0021,5,7696,Healthy
49.7,76.5,1734,56532,0.0073,1,3591,Warning
29.6,2.4,17008,61522,0.0457,8,7923,Healthy
52.6,37.5,21410,83754,0.0176,2,6073,Healthy
51.1,11.1,15217,91129,0.0467,2,9083,Healthy
34.8,35.2,1822,89498,0.0106,0,7332,Healthy
42.6,17.4,8711,83708,0.0772,6,6966,Healthy
44.6,37.3,3964,9437,0.0089,1,6905,Healthy
43.7,41.8,1167,47891,0.0283,2,6253,Healthy
48.3,30.1,26076,94579,0.0073,3,7299,Healthy
59.3,65.7,39306,88067,0.0022,4,3996,Warning
55.8,91.9,7371,39196,0.0358,2,2187,Warning
31.9,40.1,44193,54454,0.0288,5,5951,Warning
51.2,19.2,11928,83117,0.0344,0,8721,Healthy
58.3,27.1,47000,11726,0.0071,1,7630,Healthy
48.9,85.4,31231,17358,0.0243,2,2407,Warning
55.9,57.2,20486,96368,0.005,4,4795,Warning
65.1,45.5,49881,57348,0.0002,2,6146,Healthy
55.2,15.0,46310,39800,0.0403,2,8458,Healthy
47.5,45.0,1934,41970,0.0148,0,6513,Healthy
55.5,27.8,47994,25613,0.0823,5,6536,Healthy
46.4,94.3,2453,52596,0.0097,1,2285,Warning
45.2,88.4,13978,22516,0.0629,2,2753,Warning
41.5,8.4,11232,71420,0.0191,0,9438,Healthy
60.6,51.7,8303,18250,0.0144,0,6136,Healthy
36.8,22.5,10422,17945,0.0072,2,8070,Healthy
60.3,41.1,11395,94940,0.0349,2,6826,Healthy
50.0,87.7,36025,35575,0.0353,0,3292,Warning
31.0,52.8,22347,17191,0.0108,4,4806,Warning
48.7,33.4,42494,95110,0.026,2,6766,Healthy
24.0,20.8,17440,75224,0.0119,2,7375,Healthy
51.3,80.0,20342,26360,0.0269,4,2530,Warning
53.9,62.5,22622,30671,0.103,3,4445,Warning
39.1,46.8,44694,29921,0.0061,1,6323,Healthy
46.2,21.7,12195,42589,0.0201,1,7760,Healthy
64.5,33.4,46435,32490,0.0096,3,6961,Healthy
39.9,96.0,40752,66339,0.0159,1,2151,Warning
34.4,52.0,23525,6986,0.0415,2,5741,Warning
59.8,40.1,34823,71602,0.0085,2,6741,Healthy
64.6,52.1,10304,87577,0.0015,1,5747,Warning
45.0,77.9,5091,69927,0.0321,1,3437,Warning
55.1,34.0,31726,9546,0.0162,0,7356,Healthy
58.4,17.9,36933,30241,0.0119,4,8055,Healthy
37.6,58.5,16167,59589,0.0041,1,5490,Warning
40.1,66.5,13863,6224,0.0019,3,3992,Warning
57.3,71.3,44963,48847,0.0065,2,4284,Warning
61.9,88.2,17508,23164,0.0254,2,2476,Warning
50.6,37.1,25276,71386,0.0106,3,7215,Healthy
36.2,7.5,35197,80061,0.0169,0,9230,Healthy
64.9,95.8,48741,94261,0.0017,2,1677,Critical
39.7,43.5,35894,9664,0.0026,0,6786,Healthy
41.6,62.3,24331,75406,0.0002,3,4648,Warning
48.4,66.6,1111,33372,0.0224,2,3894,Warning
60.5,54.7,23527,90866,0.0061,1,5401,Warning
53.5,20.5,38492,89991,0.0682,0,8468,Healthy
49.1,75.5,15329,60379,0.0074,2,3565,Warning
49.6,80.4,13344,47537,0.009,2,3446,Warning
45.4,55.3,16702,23485,0.0127,2,5289,Warning
50.6,48.9,44648,89091,0.0077,0,6335,Healthy
20.0,11.4,24562,91202,0.034,1,8931,Healthy
42.0,8.4,25402,58368,0.0418,3,8991,Healthy
47.4,34.0,23636,78425,0.0002,4,6793,Healthy
33.5,31.1,22310,19847,0.0213,2,7148,Healthy
48.9,95.4,5685,42123,0.0232,1,2143,Warning
43.0,78.4,49230,16860,0.0651,3,2963,Warning
62.6,66.0,46973,14714,0.0093,1,4432,Warning
60.7,51.8,17295,27722,0.0043,2,5551,Warning
40.3,16.7,14937,72779,0.0147,1,8667,Healthy
43.5,97.8,47261,34803,0.0119,2,2111,Warning
44.3,37.5,5556,15198,0.0314,1,6258,Healthy
40.5,10.7,37389,30102,0.0469,3,7811,Healthy
47.0,49.4,9875,15447,0.0018,1,5805,Warning
37.4,87.4,14199,52838,0.0375,3,2411,Warning
33.7,88.7,36905,36037,0.0479,0,2270,Warning
51.2,1.1,41942,22969,0.0516,3,9329,Healthy
51.3,88.6,46854,6986,0.0289,0,2545,Warning
37.0,27.1,16915,73277,0.0271,1,7642,Healthy
54.0,3.9,12326,96890,0.0003,3,8513,Healthy
38.7,84.8,30172,19871,0.0506,0,3001,Warning
47.5,86.4,9239,33024,0.0087,4,2360,Warning
53.2,59.6,30160,65601,0.0008,2,5003,Warning
44.7,57.4,44967,22974,0.0107,4,4626,Warning
49.5,81.3,9959,78703,0.0264,3,2543,Warning
39.8,78.6,44042,79837,0.0117,4,3014,Warning
43.0,89.0,2639,47641,0.0284,2,2194,Warning
42.9,55.3,43173,4905,0.0142,1,5501,Warning
37.5,96.8,13299,2653,0.0071,0,2754,Warning
43.2,99.6,33258,25631,0.0045,3,1333,Critical
29.5,11.7,182,20180,0.0109,1,9482,Healthy
40.1,85.0,41836,85733,0.0007,2,2987,Warning
42.2,50.0,12381,54144,0.011,2,5517,Warning
42.4,38.8,15220,28783,0.0014,2,7067,Healthy
42.6,61.3,10046,94480,0.0419,0,5054,Warning
44.4,5.6,10991,60857,0.0171,1,9073,Healthy
49.8,50.6,19740,88399,0.0208,5,4743,Warning
53.7,87.1,26211,20146,0.0068,2,2650,Warning
38.5,21.3,38875,40304,0.0051,3,7479,Healthy
33.0,42.6,33390,16536,0.0246,0,6456,Healthy
34.6,93.9,30704,7226,0.0223,1,2081,Warning
40.1,42.9,34562,41660,0.0026,2,6341,Healthy
41.5,35.8,18736,18774,0.0055,2,7323,Healthy
37.3,44.1,4937,90623,0.0586,5,5379,Warning
32.0,51.9,11901,87591,0.0073,0,5569,Warning
40.4,63.2,23810,10668,0.0005,5,3922,Warning
46.8,80.1,41337,15603,0.0013,3,2701,Warning
51.0,45.2,31721,91937,0.0299,6,6094,Healthy
39.4,81.7,49399,31067,0.0283,1,3558,Warning
40.9,53.4,41016,79243,0.0096,1,5987,Warning
35.7,33.8,13165,24191,0.0033,5,6541,Healthy
44.7,65.8,45574,69592,0.0138,3,3767,Warning
36.5,71.8,28330,40572,0.0081,0,4375,Warning
50.7,55.8,36488,54618,0.0094,4,4852,Warning
27.1,5.7,10731,33633,0.006,3,9268,Healthy
41.4,17.0,29928,16393,0.0013,3,8149,Healthy
48.0,28.5,9231,81902,0.0313,5,6438,Healthy
46.8,28.3,14407,1156,0.0193,0,8337,Healthy
71.9,67.3,3809,41620,0.036,0,4833,Warning
48.5,1.8,48854,81132,0.014,3,9142,Healthy
35.0,75.6,46783,58018,0.084,1,3672,Warning
44.0,26.5,20821,81483,0.0657,3,7363,Healthy
27.2,31.0,32294,20354,0.0063,2,7017,Healthy
44.2,52.8,5194,53712,0.0098,0,5805,Warning
36.7,21.6,9515,88019,0.0279,4,7547,Healthy
54.2,88.4,48946,50196,0.03,3,2243,Warning
39.5,8.5,48344,97232,0.0483,0,9489,Healthy
43.8,44.4,13630,78082,0.0211,3,5732,Warning
38.6,84.9,7572,66992,0.0129,3,2407,Warning
62.4,61.6,36231,58295,0.0095,1,5164,Warning
41.8,29.2,19507,25060,0.0109,1,7643,Healthy
63.3,42.1,18301,90211,0.038,1,6390,Healthy
53.1,70.7,28048,87331,0.0782,2,3674,Warning
49.8,97.3,47008,80891,0.0011,1,2271,Warning
48.7,89.3,49935,51817,0.0174,1,2623,Warning
48.9,34.2,23215,84039,0.0147,3,6576,Healthy
25.7,99.8,28061,79072,0.0094,3,1233,Critical
42.2,0.4,47183,79880,0.0382,1,9378,Healthy
53.5,2.8,47282,1145,0.0171,2,9666,Healthy
44.5,82.4,2117,33646,0.0075,1,2941,Warning
30.9,19.9,4323,40377,0.0117,2,7582,Healthy
44.5,6.1,35052,53236,0.0088,2,9078,Healthy
62.0,23.7,23175,45193,0.0112,4,7379,Healthy
57.5,42.6,6631,83560,0.0015,0,7044,Healthy
44.4,73.1,4766,20619,0.0024,3,3648,Warning
54.5,62.4,23881,48179,0.0195,3,3779,Warning
41.3,23.8,44123,92625,0.023,3,7182,Healthy
28.0,50.3,35336,83081,0.0202,1,6211,Healthy
35.8,92.6,40159,13663,0.0288,0,2554,Warning
60.6,81.5,40123,90623,0.0575,3,2503,Warning
42.3,32.3,36788,87629,0.0394,2,6572,Healthy
42.6,98.2,4336,99191,0.0108,3,1710,Critical
42.0,70.9,2039,31302,0.0049,3,3451,Warning
64.0,6.2,36724,52675,0.0075,1,9263,Healthy
61.3,3.5,32918,94445,0.0177,1,9384,Healthy
67.2,16.8,16026,10611,0.0388,0,9143,Healthy
43.4,72.8,27652,60436,0.0242,5,2827,Warning
48.0,18.4,30200,66026,0.0157,3,8333,Healthy
29.8,51.1,1460,21619,0.0184,5,5563,Warning
59.8,9.3,39673,90711,0.015,0,8924,Healthy
33.3,92.1,44796,62396,0.0712,2,1733,Critical
47.2,34.4,12094,36039,0.0339,2,6907,Healthy
34.0,90.8,25041,89683,0.0304,2,2325,Warning
39.1,94.5,27631,55887,0.0146,0,2833,Warning
36.6,0.6,35913,92989,0.0081,3,8985,Healthy
38.9,46.4,11193,43323,0.0004,1,6154,Healthy
39.6,2.5,33125,70055,0.0009,0,9935,Healthy
39.5,90.9,11751,86690,0.0006,3,2165,Warning
53.3,51.8,32912,47918,0.0787,1,5453,Warning
34.0,7.5,24944,94370,0.0024,5,8384,Healthy
47.2,11.0,17818,49195,0.0031,0,10000,Healthy
57.2,38.4,49923,62436,0.0132,2,6009,Healthy
39.9,94.0,48222,16918,0.0131,1,2950,Warning
37.8,69.3,13689,27242,0.0505,1,4058,Warning
42.7,86.8,39868,79718,0.0015,3,2115,Warning
56.8,36.6,20122,48528,0.063,3,6082,Healthy
46.9,4.3,47348,78200,0.0049,4,8808,Healthy
39.7,97.4,38953,8118,0.0702,0,2175,Warning
49.8,1.7,334,69416,0.0156,1,9671,Healthy
34.0,94.8,6934,55128,0.0211,0,2280,Warning
51.8,36.9,15155,89963,0.0076,2,7128,Healthy
49.1,1.0,3307,81199,0.0189,2,9160,Healthy
41.9,68.9,2500,85596,0.0248,2,3953,Warning
36.6,98.1,9709,15225,0.0002,1,1946,Critical
36.1,96.6,21573,41635,0.0007,2,1861,Critical
50.3,16.1,45430,70723,0.0861,2,7893,Healthy
57.3,18.1,24035,46469,0.0122,3,7967,Healthy
38.6,56.6,23974,95998,0.0549,1,5338,Warning
49.6,63.7,40608,67622,0.0262,4,4198,Warning
24.1,73.9,25115,8556,0.0093,2,3806,Warning
39.2,18.1,14284,71458,0.0033,0,8327,Healthy
44.7,95.9,46906,86078,0.0765,1,1718,Critical
35.9,63.9,29643,60846,0.0176,5,3602,Warning
35.6,84.7,750,1452,0.0043,0,2980,Warning
38.3,54.0,32489,95568,0.0229,3,4354,Warning
47.9,41.4,49285,13021,0.0019,0,6620,Healthy
43.1,97.7,27428,11406,0.0405,4,1301,Critical
22.6,58.2,19516,69014,0.0019,0,5033,Warning
23.8,86.7,13219,43269,0.0054,1,3008,Warning
38.9,95.3,7744,31775,0.0019,0,2299,Warning
49.6,67.5,8753,44266,0.0022,3,4137,Warning
20.0,54.9,14516,12843,0.0148,5,4428,Warning
40.0,0.4,24997,77987,0.0232,1,9585,Healthy
39.7,4.0,1974,80727,0.0311,0,9891,Healthy
58.9,20.1,10529,77556,0.0238,1,7714,Healthy
41.1,18.6,12313,77362,0.009,1,8299,Healthy
48.8,25.5,49087,31021,0.0163,1,7871,Healthy
46.4,30.5,17740,1305,0.0525,1,7643,Healthy
23.7,36.0,36108,36368,0.0098,2,6807,Healthy
52.7,42.1,15902,34843,0.0058,2,5925,Warning
47.2,9.9,16222,77958,0.0147,0,9037,Healthy
50.1,4.2,21753,74827,0.0071,3,8504,Healthy
80.0,67.4,43771,35883,0.0061,0,4401,Warning
24.2,53.7,24201,15540,0.0302,1,5793,Warning
62.2,44.4,1509,25687,0.0443,4,5997,Warning
42.1,63.4,43488,63178,0.014,2,4429,Warning
47.9,82.8,34700,96896,0.0303,2,3491,Warning
44.5,42.8,18508,27025,0.0041,3,5783,Warning
40.8,64.1,5836,38894,0.0159,3,4313,Warning
39.3,95.4,5093,91172,0.0202,2,1325,Critical
48.3,84.0,43971,83046,0.0135,2,2845,Warning
29.8,42.6,47265,64489,0.0025,1,6409,Healthy
52.5,64.5,31347,40152,0.0265,2,4220,Warning
40.8,17.7,28921,78010,0.0365,1,8689,Healthy
33.7,56.1,3313,74902,0.0202,0,4968,Warning
40.5,98.1,43223,49700,0.0037,3,1009,Critical
57.6,51.8,29595,84322,0.0015,1,5684,Warning
39.6,92.8,6308,15515,0.0072,2,1506,Critical
48.6,40.7,9744,61411,0.0008,1,6760,Healthy
37.7,99.9,6553,92706,0.0366,2,1511,Critical
52.6,57.9,11193,56721,0.0243,4,4749,Warning
51.9,4.2,46609,21195,0.0166,3,9069,Healthy
63.5,58.7,11363,25305,0.0441,4,4556,Warning
43.2,27.5,405,24690,0.0023,2,7373,Healthy
51.7,3.2,34252,8497,0.0251,0,10000,Healthy
46.0,82.1,32121,23252,0.0032,0,3750,Warning
58.0,27.6,18058,18569,0.0013,1,7708,Healthy
37.8,79.7,972,61985,0.0029,1,3513,Warning
52.5,28.8,41228,57791,0.0603,0,7845,Healthy
43.1,19.4,22062,31008,0.0116,2,7991,Healthy
44.4,97.4,42663,87553,0.001,2,1913,Critical
45.9,36.2,17514,52074,0.0175,5,5885,Warning
47.5,60.1,10026,52402,0.0045,2,4393,Warning
43.8,61.0,48359,62926,0.0001,2,4688,Warning
47.1,56.0,39773,9024,0.0284,1,5590,Warning
60.8,91.5,37310,10571,0.0034,2,2486,Warning
54.9,67.4,15390,41966,0.0571,2,3823,Warning
53.7,40.4,3767,86632,0.018,1,6342,Healthy
40.4,86.2,17760,50594,0.0018,2,2581,Warning
36.1,18.1,6653,75817,0.0049,2,7724,Healthy
54.6,54.4,17026,40739,0.0189,1,5203,Warning
53.8,95.1,4908,48060,0.0083,2,1608,Critical
59.7,62.5,28712,46424,0.0152,1,4676,Warning
39.0,81.7,40599,55042,0.0321,0,3285,Warning
42.7,65.4,28115,92875,0.0315,1,4789,Warning
28.6,83.9,33451,49764,0.0239,1,3143,Warning
41.1,94.4,49762,68299,0.0434,2,2322,Warning
55.0,27.3,9238,91038,0.0044,3,6572,Healthy
40.3,17.0,40563,38522,0.0039,2,7913,Healthy
51.4,48.4,36341,91678,0.0321,2,5800,Warning
43.1,70.2,1298,36079,0.0077,0,4459,Warning
48.2,22.7,27547,13071,0.0144,2,7669,Healthy
33.5,0.4,36863,83253,0.0272,4,9429,Healthy
45.9,34.3,12213,48725,0.0101,1,7032,Healthy
20.0,96.9,28849,7727,0.0028,4,2131,Warning
43.1,69.5,37403,41689,0.0228,7,3048,Warning
28.7,40.1,38739,14707,0.034,0,6567,Healthy
57.1,19.3,19787,78708,0.0003,5,7929,Healthy
52.8,35.6,2547,53906,0.0165,2,6741,Healthy
49.7,17.0,9508,42283,0.0127,3,8213,Healthy
60.2,10.6,39712,86087,0.006,0,8856,Healthy
35.5,90.7,17774,29379,0.0035,2,2450,Warning
62.5,99.8,12513,29345,0.0042,1,1799,Critical
54.3,16.4,48037,10515,0.0258,1,8663,Healthy
42.6,5.5,7649,83461,0.0154,1,9244,Healthy
56.4,33.0,23171,21996,0.0794,2,6384,Healthy
33.9,46.2,8793,1207,0.0056,0,6514,Healthy
36.8,20.5,43931,18267,0.0629,1,8095,Healthy
38.9,30.1,16870,26967,0.0145,1,7175,Healthy
39.7,20.1,41471,83722,0.0032,2,8031,Healthy
34.4,77.4,2106,7618,0.0032,3,3252,Warning
57.2,71.3,5313,64384,0.0188,0,4411,Warning
42.4,63.5,36736,11713,0.0356,3,4407,Warning
48.5,38.7,9630,97521,0.0275,0,7294,Healthy
39.3,90.9,47228,81537,0.0213,2,2212,Warning
26.8,97.0,6737,9368,0.0038,3,1944,Critical
47.7,17.4,49604,52216,0.0023,3,7893,Healthy
25.9,22.3,5064,95369,0.0,4,6955,Healthy
44.3,52.6,34170,43023,0.0021,4,5376,Warning
31.3,9.1,7849,34528,0.0291,3,8387,Healthy
64.9,43.6,946,11045,0.0451,2,6305,Healthy
54.1,58.2,13490,857,0.0055,2,4964,Warning
46.1,52.2,13835,22288,0.0317,5,4859,Warning
57.6,33.1,24005,17302,0.0044,0,7684,Healthy
36.5,54.2,14976,55239,0.0057,1,4800,Warning
50.4,95.9,14067,86375,0.0051,2,2169,Warning
47.0,20.6,18362,2093,0.0011,1,8346,Healthy
47.6,65.5,36973,5102,0.0043,4,3687,Warning
57.7,4.3,20114,75613,0.0094,1,9446,Healthy
52.3,6.6,24154,96365,0.0104,2,9320,Healthy
47.9,55.2,30055,11443,0.0074,1,5057,Warning
28.5,10.5,23151,33512,0.0145,3,8488,Healthy
35.4,2.2,28485,70608,0.0095,2,9741,Healthy
43.8,17.2,35687,16750,0.0704,3,7534,Healthy
45.9,56.5,27583,82669,0.0329,2,5128,Warning
33.7,70.3,27753,44553,0.0535,4,3603,Warning
69.1,20.2,40945,39888,0.0163,2,8026,Healthy
60.2,66.8,44890,92207,0.0227,5,3258,Warning
51.0,18.2,42118,71905,0.0036,2,8121,Healthy
45.7,61.3,30994,72007,0.0279,1,4868,Warning
42.9,41.2,29942,50162,0.0054,3,6047,Healthy
35.5,65.4,19748,61811,0.0032,2,4607,Warning
45.8,99.5,31856,79993,0.0009,2,1637,Critical
47.6,93.8,22507,72004,0.0128,2,2149,Warning
32.6,0.4,44661,87289,0.0068,0,9544,Healthy
48.3,88.5,17158,91977,0.0864,3,1958,Critical
43.4,6.6,10170,57157,0.0057,1,9063,Healthy
25.9,95.3,39125,73683,0.0403,2,1761,Critical
36.4,28.2,33879,25999,0.0076,3,7143,Healthy
40.9,38.2,16716,32285,0.0277,3,6050,Healthy
63.9,9.2,30473,82493,0.0216,1,8675,Healthy
50.6,11.2,35041,75036,0.0165,1,8917,Healthy
31.6,72.7,36252,52530,0.0108,2,3756,Warning
49.9,94.4,897,38409,0.0222,2,2112,Warning
29.5,61.1,39989,35394,0.0105,2,5347,Warning
55.8,71.6,13694,84624,0.0159,2,3477,Warning
40.3,76.2,47854,72506,0.0178,2,3496,Warning
44.1,26.3,7790,15973,0.0062,1,7677,Healthy
58.3,4.5,12769,82197,0.0083,2,9261,Healthy
32.1,0.2,19073,20563,0.0004,2,10000,Healthy
31.0,35.1,21185,78944,0.0382,2,5975,Warning
39.2,24.1,28887,12350,0.0282,4,7122,Healthy
55.4,6.2,25184,1484,0.0041,1,9295,Healthy
29.8,18.0,24151,50950,0.009,3,8109,Healthy
20.0,12.4,11654,57200,0.0109,0,9202,Healthy
40.5,91.5,37739,73223,0.0081,1,1953,Critical
50.5,14.0,13454,93892,0.032,4,7990,Healthy
57.0,53.8,5389,20839,0.0259,1,5187,Warning
40.4,59.3,24844,38981,0.0291,6,4133,Warning
40.9,54.3,18045,64851,0.0469,3,5050,Warning
56.5,9.9,24343,53339,0.0181,3,8412,Healthy
26.3,31.9,48699,64736,0.0191,1,7764,Healthy
41.1,5.1,39154,80119,0.0256,1,9275,Healthy
46.9,39.6,24327,48787,0.0229,3,6112,Healthy
49.5,18.9,27848,60806,0.0408,1,7979,Healthy
39.9,56.2,17058,52697,0.0294,1,4379,Warning
45.3,69.3,46784,25935,0.0026,3,3872,Warning
20.1,53.2,10034,68121,0.0527,2,5024,Warning
38.4,43.4,45630,31337,0.023,3,5959,Warning
49.5,38.7,10650,82219,0.0027,1,7588,Healthy
35.2,84.2,4124,35995,0.0296,0,3297,Warning
45.6,21.9,31872,99180,0.0089,3,7692,Healthy
49.5,73.4,8822,40260,0.0328,1,4191,Warning
41.6,75.7,2220,22584,0.0622,1,4080,Warning
46.7,41.9,30189,37958,0.0059,0,6701,Healthy
35.4,29.7,21448,52446,0.039,0,7639,Healthy
42.9,47.1,5977,67101,0.0297,3,5441,Warning
51.1,9.3,43588,69718,0.0222,0,9397,Healthy
46.6,4.6,19004,59851,0.0097,3,9202,Healthy
39.1,11.2,20892,48061,0.0023,1,8917,Healthy
47.2,18.7,26137,50703,0.0132,2,7730,Healthy
52.1,50.4,17435,98524,0.0022,1,5822,Warning
24.5,84.9,14759,97496,0.0139,0,3425,Warning
56.6,23.6,29784,9320,0.0343,0,7793,Healthy
41.6,93.5,1064,57732,0.121,2,2075,Warning
49.3,95.5,35002,19257,0.0044,5,1583,Critical
57.0,95.9,35112,47088,0.0047,1,2221,Warning
31.3,83.8,35671,89182,0.0333,0,3809,Warning
37.9,36.4,4011,8558,0.0127,3,6266,Healthy
42.1,7.3,11316,88888,0.0495,3,8458,Healthy
37.2,56.9,1508,80154,0.0293,1,4944,Warning
62.3,55.9,21721,37242,0.0267,1,5132,Warning
36.4,85.0,21077,72695,0.0022,2,2588,Warning
39.4,99.6,13295,57480,0.0007,0,2274,Warning
47.0,50.8,44038,70877,0.0076,3,4755,Warning
33.0,34.5,40531,18835,0.0049,2,6619,Healthy
41.0,18.6,42677,47851,0.0249,3,8174,Healthy
48.2,0.5,7213,86341,0.012,0,9893,Healthy
41.7,50.9,41010,69460,0.0148,2,5138,Warning
44.1,55.6,22861,48001,0.0336,2,4974,Warning
39.7,82.5,25092,56377,0.013,1,3575,Warning
29.9,50.5,13878,15038,0.0157,2,5491,Warning
48.2,91.6,22085,4269,0.0369,0,2723,Warning
62.5,62.8,4467,32086,0.0113,3,4304,Warning
45.2,84.0,45547,92483,0.0017,2,3357,Warning
47.3,14.8,10886,86051,0.0148,0,8704,Healthy
51.9,85.5,45880,68379,0.0173,1,2769,Warning
32.3,67.5,42806,69422,0.0143,1,4599,Warning
62.0,17.0,44561,52719,0.006,2,8409,Healthy
47.0,19.0,31008,35607,0.0051,0,8427,Healthy
61.3,92.7,11151,1183,0.0092,1,2437,Warning
37.7,3.2,36846,91487,0.0036,1,9746,Healthy
63.2,46.3,15711,67090,0.0219,6,4910,Warning
52.8,31.3,4590,61597,0.0191,3,7113,Healthy
50.5,66.5,31413,89631,0.02,4,3886,Warning
47.3,84.0,6477,63902,0.0051,3,2764,Warning
42.5,36.0,10003,86434,0.0057,2,6540,Healthy
57.0,42.7,14667,24185,0.031,1,6351,Healthy
46.4,98.2,22985,66384,0.0234,2,1460,Critical
25.3,78.4,28322,94926,0.0416,2,3126,Warning
33.8,89.7,48656,16862,0.0103,1,2950,Warning
43.1,43.9,26706,99826,0.0159,2,5756,Warning
48.1,23.4,17540,91061,0.0268,2,7524,Healthy
44.4,41.2,2360,1003,0.0731,2,5979,Warning
57.2,71.6,30367,41545,0.0914,2,3894,Warning
25.5,10.9,27102,14076,0.142,3,8805,Healthy
46.4,27.0,16933,33790,0.0442,0,7720,Healthy
26.8,4.7,49820,60995,0.0204,1,8808,Healthy
52.6,43.2,3598,12384,0.0001,5,5751,Warning
44.1,82.7,46829,52160,0.024,0,3324,Warning
49.2,2.5,10618,25705,0.0055,3,9334,Healthy
36.4,67.5,12601,64239,0.0012,1,4603,Warning
57.8,93.2,22354,33285,0.0239,4,1534,Critical
55.4,23.7,34176,1768,0.0282,3,7138,Healthy
50.8,69.4,16002,67212,0.0215,1,3876,Warning
43.7,97.5,33585,18516,0.0091,4,1941,Critical
50.8,96.2,25645,62439,0.0143,1,1930,Critical
37.9,23.5,3445,78781,0.0547,1,7729,Healthy
53.6,10.0,15470,77997,0.0262,2,8942,Healthy
61.5,14.8,46821,49766,0.0141,4,7981,Healthy
55.7,70.2,28331,42212,0.018,1,3484,Warning
37.7,72.6,41963,7268,0.0525,3,3221,Warning
48.6,67.4,9742,59714,0.01,1,4454,Warning
32.1,33.6,17939,19472,0.0021,3,6422,Healthy
50.7,17.0,23781,99125,0.0079,1,8905,Healthy
49.5,58.1,7135,73662,0.0107,3,4363,Warning
26.3,48.4,33399,63912,0.0064,6,4588,Warning
33.4,72.9,35135,45781,0.0151,0,3840,Warning
42.2,44.1,49584,28903,0.0073,2,6213,Healthy
42.0,33.9,23683,95068,0.0022,2,6522,Healthy
32.9,29.3,22205,30726,0.0042,1,7913,Healthy
48.9,21.1,16230,50485,0.0501,1,8436,Healthy
47.5,26.6,13836,29283,0.0199,1,7926,Healthy
43.1,9.5,42381,74439,0.0075,5,7735,Healthy
37.4,34.7,13915,95655,0.0091,2,6894,Healthy
55.5,3.7,24496,68655,0.0136,1,8844,Healthy
61.6,18.6,24412,67383,0.0224,2,8512,Healthy
40.2,74.7,12344,69200,0.0175,4,3301,Warning
38.9,32.5,42768,79595,0.054,1,7293,Healthy
49.9,66.8,11818,28288,0.0197,4,3704,Warning
41.4,71.7,16884,99714,0.0483,2,3850,Warning
43.6,58.1,30783,7666,0.0001,0,5359,Warning
52.4,95.9,44690,35719,0.0442,2,1948,Critical
25.9,2.1,44097,65941,0.0256,2,9576,Healthy
58.2,73.9,31528,903,0.0038,1,3430,Warning
45.7,95.9,36859,76069,0.0061,3,1772,Critical
40.9,86.2,26590,27724,0.0157,1,3284,Warning
44.1,16.8,40801,84110,0.0027,1,8322,Healthy
44.6,32.7,47451,3985,0.0308,2,7377,Healthy
27.7,17.2,41101,75484,0.0313,1,7919,Healthy
59.9,60.1,45956,65991,0.0072,4,4926,Warning
45.4,71.2,16510,86708,0.0014,3,3321,Warning
49.4,31.7,35486,79446,0.0899,1,7205,Healthy
54.5,54.0,9462,14762,0.0058,2,5366,Warning
34.8,69.1,39507,93796,0.0014,3,3889,Warning
49.7,42.1,24111,75870,0.008,2,5996,Warning
42.3,85.4,7142,98315,0.0695,3,2830,Warning
53.5,77.2,25386,28428,0.0315,1,3336,Warning
23.7,6.5,11491,63679,0.0131,1,10000,Healthy
44.0,62.1,27099,86865,0.0073,0,4724,Warning
39.0,23.5,2118,88879,0.011,4,7617,Healthy
49.3,55.8,13052,35212,0.0004,2,4713,Warning
49.7,95.7,16340,85991,0.0253,5,1103,Critical
37.9,87.9,21362,34828,0.0021,3,1425,Critical
37.9,40.5,19382,32132,0.0146,2,6726,Healthy
43.9,29.2,22559,38015,0.0167,0,7828,Healthy
36.0,23.4,34915,62574,0.0,3,6890,Healthy
53.4,53.3,18042,73190,0.0781,2,4891,Warning
41.3,11.4,1822,65447,0.0072,4,7684,Healthy
20.0,54.9,36920,28670,0.0016,1,5306,Warning
41.3,0.1,1751,47357,0.0385,2,9442,Healthy
34.6,32.4,21706,50244,0.0033,5,6721,Healthy
28.7,22.0,34646,97199,0.0005,3,7600,Healthy
32.6,97.1,783,78121,0.0137,3,2134,Warning
46.1,72.7,42339,93280,0.0028,5,2797,Warning
58.3,35.0,18494,5827,0.0808,3,6420,Healthy
48.1,9.3,46805,61746,0.0002,2,8675,Healthy
38.9,51.7,19066,83175,0.0011,2,5290,Warning
49.6,21.3,26569,91911,0.0358,2,8091,Healthy
40.4,53.6,8605,33764,0.0055,1,5691,Warning
38.1,83.5,40311,79096,0.0485,1,2626,Warning
33.5,61.6,5592,16156,0.0075,1,4830,Warning
27.5,63.4,16927,19305,0.0014,0,4979,Warning
41.1,54.1,27592,29355,0.0002,2,5684,Warning
46.6,92.7,3366,4627,0.0066,0,3072,Warning
44.0,93.2,6009,62222,0.0128,2,2261,Warning
40.8,51.3,12969,38819,0.0,5,4944,Warning
35.5,30.6,39882,69626,0.0174,0,7676,Healthy
51.1,46.0,21963,13473,0.0081,3,5414,Warning
31.8,18.7,44155,82881,0.0099,0,8330,Healthy
52.8,63.6,7919,48587,0.0061,1,4416,Warning
35.0,50.0,29236,58211,0.0151,2,5921,Warning
37.5,10.3,14937,27781,0.0052,5,8058,Healthy
30.3,19.8,48054,17049,0.0029,2,7942,Healthy
40.0,48.0,10156,61926,0.0443,0,6174,Healthy
54.8,88.8,815,28123,0.0099,2,2632,Warning
50.2,56.6,17375,90116,0.0016,3,5422,Warning
54.8,68.2,20291,5197,0.0052,0,4572,Warning
50.2,33.9,16984,16230,0.0074,0,7245,Healthy
34.0,57.1,45562,28745,0.0294,4,4964,Warning
41.7,44.7,8994,44634,0.0005,3,5802,Warning
37.2,65.9,18817,31813,0.013,2,4025,Warning
58.3,5.1,18678,84593,0.0105,3,8328,Healthy
33.0,49.3,23421,66073,0.0691,3,5495,Warning
53.9,29.6,43069,54095,0.004,1,7387,Healthy
53.9,32.6,25059,30408,0.0198,1,7655,Healthy
63.3,96.1,10615,68057,0.0045,3,1642,Critical
40.9,18.3,9177,40148,0.0159,2,7811,Healthy
52.1,31.1,21543,37789,0.0162,1,7524,Healthy
67.8,51.0,10543,63210,0.0016,2,5547,Warning
38.8,86.3,37308,9339,0.0122,0,3339,Warning
29.6,41.7,1883,97041,0.0124,0,6721,Healthy
26.2,74.4,13213,69338,0.0077,5,3113,Warning
52.1,85.6,5485,9011,0.0065,0,3189,Warning
26.2,31.0,36985,87027,0.0051,1,7142,Healthy
41.3,39.3,7082,75950,0.0001,2,6482,Healthy
49.4,35.7,35451,10448,0.0,2,6765,Healthy
46.9,83.3,42789,45138,0.0178,1,3618,Warning
49.3,4.4,13507,94390,0.0069,4,8851,Healthy
47.2,30.8,15416,6373,0.0037,1,7244,Healthy
57.8,67.9,46624,31961,0.0231,5,3865,Warning
35.5,56.5,24938,73534,0.0151,7,3795,Warning
38.2,43.6,27307,89592,0.0493,1,6419,Healthy
37.3,54.0,48216,98642,0.0356,2,4900,Warning
53.3,19.8,28502,27591,0.0259,2,7455,Healthy
54.0,43.1,2530,71671,0.0027,3,6292,Healthy
49.5,50.2,39928,53499,0.0219,1,5658,Warning
56.8,90.1,3036,34032,0.0237,2,1721,Critical
33.2,26.1,11964,23190,0.0288,0,7642,Healthy
61.7,86.8,25215,17536,0.0061,4,2196,Warning
60.2,64.4,9407,45540,0.0204,4,4736,Warning
52.4,2.0,6809,56696,0.0193,2,8699,Healthy
62.8,72.5,29954,48411,0.0097,2,4052,Warning
28.4,3.6,41943,45062,0.0218,3,8934,Healthy
39.8,99.7,20807,10821,0.0018,0,2006,Warning
37.6,87.3,39484,29652,0.0206,0,2776,Warning
52.2,29.7,35287,86384,0.0186,2,7503,Healthy
34.5,25.7,1499,87031,0.0047,2,7612,Healthy
52.6,38.1,42636,55411,0.0341,0,6646,Healthy
58.7,35.6,24288,90798,0.0415,1,7179,Healthy
52.0,37.2,14345,645,0.0047,3,6846,Healthy
47.8,31.8,45846,71137,0.0016,3,7196,Healthy
35.1,62.1,23471,4747,0.0185,0,5735,Warning
36.5,16.4,47304,75614,0.0131,2,8603,Healthy
57.5,84.6,32386,70224,0.0112,0,3258,Warning
52.8,81.2,21793,97810,0.0286,3,2696,Warning
44.6,47.6,34403,63789,0.0699,1,6197,Healthy
40.8,85.3,21237,44047,0.013,0,2967,Warning
24.7,24.7,41149,3196,0.0001,2,7989,Healthy
34.3,1.8,15465,62541,0.0181,0,9784,Healthy
64.1,61.9,13550,20213,0.0212,3,4537,Warning
32.2,45.8,4290,45049,0.0352,4,5150,Warning
46.9,56.7,42961,44048,0.0044,0,5383,Warning
55.1,89.9,43739,53133,0.0149,3,1896,Critical
32.5,97.0,24037,96911,0.0119,3,2135,Warning
46.8,63.4,7552,91386,0.0218,2,4417,Warning
54.4,76.4,4060,5141,0.0013,2,3466,Warning
45.1,8.4,39702,71595,0.0431,2,8565,Healthy
73.7,16.1,30285,12131,0.0143,4,7441,Healthy
28.3,73.3,10664,36316,0.0419,3,3231,Warning
55.6,43.1,47610,2523,0.0083,1,6083,Healthy
43.3,44.6,5191,26156,0.0212,3,5546,Warning
52.7,30.9,49770,86690,0.0628,2,6796,Healthy
49.4,60.7,30619,87753,0.0574,6,4106,Warning
37.7,18.5,3810,35342,0.0577,2,7923,Healthy
47.3,62.7,39495,98586,0.0009,1,4959,Warning
26.4,17.4,8088,55689,0.0103,1,8256,Healthy
51.0,6.4,35854,46423,0.0013,3,8961,Healthy
48.0,33.0,28214,35580,0.0074,1,7350,Healthy
51.4,23.1,23174,3974,0.0038,2,7532,Healthy
55.6,88.9,21298,80207,0.0194,2,2839,Warning
48.7,5.5,10609,3760,0.0304,3,8948,Healthy
46.5,17.7,25280,60718,0.0144,2,7816,Healthy
36.2,54.9,48168,49609,0.0317,3,4784,Warning
37.9,48.1,45533,6118,0.0003,1,5844,Warning
56.9,4.6,16660,46265,0.0343,2,9060,Healthy
59.4,0.7,43381,34618,0.0039,4,8408,Healthy
42.6,98.8,42774,9785,0.0124,0,1740,Critical
45.5,65.9,39038,57583,0.0117,2,4517,Warning
36.0,36.5,35491,74177,0.0413,1,6766,Healthy
56.7,47.0,28831,28852,0.0676,4,5450,Warning
51.7,26.7,19262,44556,0.0059,0,7930,Healthy
64.4,34.5,48444,63545,0.0014,4,6367,Healthy
36.2,64.9,25336,24207,0.021,3,3961,Warning
41.2,88.3,37233,22661,0.014,2,2345,Warning
47.3,18.4,11479,67890,0.0167,0,8556,Healthy
51.5,84.0,4440,19150,0.0009,2,2548,Warning
42.8,12.2,4855,17444,0.0299,2,8716,Healthy
36.3,21.5,48831,8046,0.0053,2,8291,Healthy
53.8,3.7,41966,54639,0.0082,2,8616,Healthy
52.2,14.1,48859,7707,0.0052,2,8629,Healthy
35.8,91.7,20005,95304,0.0584,0,2544,Warning
58.6,45.9,18359,72522,0.0037,4,5674,Warning
56.7,7.8,31355,31722,0.0264,0,9180,Healthy
46.3,96.0,36826,29621,0.0056,1,2531,Warning
45.8,87.9,35004,84803,0.0111,0,2900,Warning
50.5,75.5,43656,39415,0.1107,4,3104,Warning
36.4,93.3,41913,10517,0.0021,3,2051,Warning
45.3,22.0,31714,15594,0.0426,5,7237,Healthy
23.5,83.6,606,31736,0.0584,0,3304,Warning
53.8,69.0,8699,8164,0.024,1,4341,Warning
29.4,87.0,21874,30421,0.0002,4,2094,Warning
60.0,79.7,8815,95881,0.0344,3,2904,Warning
41.7,34.6,22097,80609,0.0428,0,7495,Healthy
42.9,77.4,35918,67719,0.0792,2,2862,Warning
38.7,26.2,14883,64090,0.0366,2,7220,Healthy
42.1,32.9,31362,9890,0.0118,3,6245,Healthy
59.2,10.8,23576,34277,0.0233,2,8205,Healthy
20.1,93.5,2497,49088,0.0133,2,1808,Critical
57.8,29.1,40780,97813,0.0087,1,7396,Healthy
48.4,52.1,27575,43167,0.0197,1,5774,Warning
32.9,39.1,34177,95147,0.0294,1,6754,Healthy
34.2,96.0,40070,30480,0.0202,2,2084,Warning
61.8,33.5,7800,24308,0.035,0,7096,Healthy
35.5,77.9,4818,63970,0.0039,1,4149,Warning
33.5,85.5,27211,73262,0.0094,5,2137,Warning
56.4,43.6,38818,88483,0.0075,0,6913,Healthy
48.4,37.8,10333,18426,0.0043,2,6446,Healthy
35.6,74.8,14271,18121,0.0117,1,3600,Warning
47.2,91.3,10826,11667,0.0591,3,2122,Warning
34.7,75.5,26868,71745,0.0154,4,2761,Warning
56.0,22.7,17239,79276,0.0067,0,7788,Healthy
55.6,88.8,245,35531,0.0087,2,2852,Warning
50.3,38.8,44882,32646,0.019,0,6912,Healthy
48.6,57.6,20058,8498,0.0087,1,5090,Warning
62.6,83.1,26303,41008,0.0155,2,3337,Warning
45.0,18.8,21407,76848,0.0064,2,7868,Healthy
33.2,78.5,34726,31601,0.0085,2,4107,Warning
49.5,59.6,37590,80264,0.0245,3,4556,Warning
65.9,89.3,3698,25247,0.0176,2,2206,Warning
34.9,17.2,13683,61300,0.002,1,8725,Healthy
41.4,42.1,47737,95826,0.0724,2,5948,Warning
49.2,83.3,17113,2382,0.001,1,3157,Warning
44.5,1.9,48084,39455,0.0017,3,9853,Healthy
35.2,11.2,44226,84695,0.0242,3,8375,Healthy
56.2,99.1,36386,60465,0.0246,4,1251,Critical
68.2,28.0,37220,89294,0.0004,1,7614,Healthy
47.0,97.6,44974,89922,0.0206,2,2139,Warning
36.0,18.3,40297,42060,0.0007,0,8466,Healthy
29.5,36.1,9196,31843,0.0648,2,7128,Healthy
47.6,75.3,5655,84443,0.0238,1,3682,Warning
56.0,65.8,32819,4450,0.0041,2,4576,Warning
49.8,58.1,8097,4389,0.0034,2,4779,Warning
45.0,53.0,10909,30910,0.0169,4,5003,Warning
39.1,84.3,27465,95004,0.0201,0,3402,Warning
34.1,23.5,49359,19476,0.0356,4,7285,Healthy
53.3,44.2,25718,23516,0.0467,4,5349,Warning
54.1,15.5,26064,75247,0.01,0,8636,Healthy
29.5,59.6,9968,23242,0.0372,4,4682,Warning
60.9,25.1,21982,24053,0.0156,1,7648,Healthy
50.7,33.4,20739,63838,0.0127,0,7942,Healthy
59.0,47.1,37063,29832,0.024,0,6250,Healthy
31.6,2.7,41324,79125,0.0022,0,9828,Healthy
31.3,9.2,36689,4936,0.0062,1,9151,Healthy
43.5,68.6,49928,17587,0.0339,1,4321,Warning
50.0,42.9,29570,56202,0.014,7,5667,Warning
63.0,86.5,44546,25928,0.0477,3,2331,Warning
52.1,69.5,5278,74533,0.0019,3,3973,Warning
42.6,0.8,10998,28654,0.0075,4,9449,Healthy
34.7,61.7,5666,92545,0.0088,3,4961,Warning
57.3,9.4,20453,45247,0.011,3,8755,Healthy
35.4,78.1,38288,34849,0.0866,2,2875,Warning
61.3,99.2,33475,69993,0.0074,3,1035,Critical
42.2,53.1,5774,37858,0.0146,3,5265,Warning
60.9,68.3,22372,52984,0.0154,1,4475,Warning
51.8,23.7,21816,80949,0.0295,2,7707,Healthy
43.6,43.8,23840,51337,0.0146,1,6207,Healthy
39.8,85.6,23270,75833,0.0186,1,2915,Warning
41.6,16.7,35262,8031,0.028,1,8408,Healthy
49.3,26.6,11151,14325,0.0021,5,6837,Healthy
45.8,44.5,8170,64528,0.0662,1,6291,Healthy
39.1,71.2,29572,72947,0.0375,0,4274,Warning
43.3,37.6,42907,32816,0.0098,4,5976,Warning
45.8,92.8,34889,71767,0.0261,1,2249,Warning
23.7,9.4,21082,17779,0.0287,2,8403,Healthy
49.6,37.1,31618,44723,0.038,3,5763,Warning
35.2,70.9,19499,90452,0.0042,1,4140,Warning
33.5,22.6,27413,28500,0.0243,1,8048,Healthy
28.1,65.6,16210,12545,0.0007,1,4205,Warning
27.1,16.4,34916,51998,0.0025,2,8429,Healthy
31.4,5.6,22453,36799,0.0299,5,8608,Healthy
37.9,12.1,28630,76702,0.0335,4,7997,Healthy
64.5,93.0,993,18745,0.018,1,2315,Warning
39.7,55.2,45911,98602,0.0174,3,4572,Warning
46.8,79.6,28824,27839,0.0277,2,3375,Warning
49.0,33.3,26985,70888,0.0473,7,5293,Warning
46.3,59.3,44660,82450,0.0109,3,4591,Warning
44.2,49.5,13713,64319,0.0024,0,6415,Healthy
33.0,94.6,14416,80317,0.0365,2,1986,Critical
59.5,74.8,6187,28531,0.0084,2,3462,Warning
63.1,73.1,35801,17126,0.0029,2,3344,Warning
28.2,4.6,18765,23802,0.0191,1,10000,Healthy
34.8,55.0,41132,47191,0.0173,4,4388,Warning
42.2,46.7,34248,30612,0.0129,3,6024,Healthy
35.4,92.8,29722,71547,0.0393,1,2215,Warning
50.1,25.7,30398,70704,0.0064,2,7588,Healthy
37.7,27.0,16967,6587,0.0003,6,6598,Healthy
66.7,41.1,42089,73051,0.0078,3,5735,Warning
56.9,24.3,44841,97455,0.0002,5,6814,Healthy
47.1,12.9,13264,31814,0.0157,3,8733,Healthy
55.3,85.7,20263,77650,0.0095,2,2087,Warning
56.1,55.8,6201,70039,0.0336,2,5049,Warning
39.4,86.1,37822,26735,0.0319,0,3596,Warning
36.8,83.1,38821,61072,0.0114,4,2677,Warning
45.8,28.2,39148,33866,0.0049,1,7676,Healthy
53.6,54.8,33646,51847,0.011,2,5354,Warning
46.4,8.3,3575,33337,0.0205,5,8296,Healthy
29.2,91.5,4823,8639,0.0042,2,2147,Warning
37.0,40.4,14990,10085,0.0297,1,6886,Healthy
44.3,39.4,23370,4159,0.008,1,6294,Healthy
44.2,30.3,6813,92261,0.0538,2,7278,Healthy
64.7,46.1,27953,6134,0.0143,1,5824,Warning
31.1,25.2,8701,4182,0.0376,1,7554,Healthy
50.1,37.5,17543,35951,0.0191,1,7127,Healthy
59.9,80.0,18084,70598,0.0162,0,3489,Warning
67.7,83.4,12835,5152,0.0229,2,2714,Warning
41.0,30.4,18717,87351,0.0334,1,7838,Healthy
49.9,46.9,26328,75538,0.0207,2,5526,Warning
50.7,87.4,42357,70749,0.0319,3,2964,Warning
47.0,5.3,14074,5913,0.0042,0,9648,Healthy
44.0,88.9,49603,22484,0.0065,2,2829,Warning
49.4,21.9,46592,20987,0.0052,5,7014,Healthy
20.0,67.9,44282,2575,0.032,2,4427,Warning
51.8,58.3,10723,34050,0.0018,1,5405,Warning
46.3,55.3,15495,86226,0.0318,5,4372,Warning
42.8,85.9,6569,98299,0.0099,3,2400,Warning
65.5,10.2,25140,42793,0.0017,3,8129,Healthy
38.3,34.7,43573,77945,0.011,1,6690,Healthy
41.0,53.8,3266,29712,0.0071,0,5926,Warning
64.9,81.1,21737,15462,0.0179,5,2443,Warning
36.7,21.6,2309,16353,0.0128,3,7251,Healthy
39.5,80.3,8847,50709,0.007,1,3507,Warning
43.5,40.0,33167,80411,0.0396,4,6371,Healthy
53.4,18.9,20350,46464,0.0104,1,8595,Healthy
47.1,75.9,25031,68145,0.0127,4,3452,Warning
32.1,9.1,46419,61001,0.0375,1,8461,Healthy
39.7,51.5,33431,67356,0.0019,1,5819,Warning
38.9,6.4,12301,82023,0.0099,2,8517,Healthy
44.2,35.6,42082,37685,0.0103,7,5370,Warning
49.3,60.1,31405,69735,0.0137,3,4864,Warning
49.2,55.6,17674,50384,0.0022,4,4862,Warning
27.2,40.5,30959,63358,0.0022,1,6966,Healthy
55.6,42.9,10196,94245,0.0108,0,6507,Healthy
47.5,22.7,10328,64826,0.0007,2,8159,Healthy
58.8,45.6,9318,39830,0.0059,4,5634,Warning
49.4,95.3,24931,46915,0.0045,3,1497,Critical
56.0,85.0,18902,61506,0.0134,2,3073,Warning
49.7,14.5,47481,49627,0.0002,1,8636,Healthy
58.5,3.0,19047,23047,0.0225,3,9219,Healthy
50.2,93.4,19435,23439,0.0387,0,2826,Warning
44.0,52.7,46961,80238,0.0245,2,6062,Healthy
67.7,53.8,30007,95256,0.0341,1,5360,Warning
53.9,78.1,16753,87798,0.0206,3,3314,Warning
50.7,31.5,39487,74832,0.0142,1,7235,Healthy
32.2,48.2,22131,2222,0.0049,1,5736,Warning
32.1,96.9,9219,43864,0.0066,1,2009,Warning
47.9,67.2,4655,12174,0.0076,4,4059,Warning
46.5,15.4,46195,3312,0.0008,1,8803,Healthy
38.9,13.3,1142,2778,0.0489,0,8447,Healthy
46.4,20.4,38312,35618,0.0461,7,6840,Healthy
60.9,76.7,4288,69659,0.0023,1,4171,Warning
52.0,29.5,13160,7030,0.0163,1,6968,Healthy
33.6,2.1,10333,50366,0.0126,0,9415,Healthy
43.9,94.4,3188,82023,0.023,1,2571,Warning
37.0,17.0,1746,1424,0.0185,0,8544,Healthy
41.1,1.0,13227,20046,0.0027,0,9328,Healthy
40.9,23.7,32715,53805,0.0216,1,7826,Healthy
40.2,23.5,587,78306,0.0188,3,7328,Healthy
32.4,42.2,15553,19453,0.0152,3,5756,Warning
43.7,92.0,34615,36083,0.0103,2,2914,Warning
39.4,87.9,17011,89392,0.062,3,1769,Critical
20.0,45.7,17651,70614,0.0379,2,5711,Warning
65.5,41.1,16378,4962,0.0176,1,6551,Healthy
55.9,55.5,20956,1388,0.0001,3,4486,Warning
41.2,24.3,12031,88368,0.0113,3,7803,Healthy
45.2,5.2,22288,85898,0.0241,4,8510,Healthy
33.3,93.9,583,86009,0.0025,1,1927,Critical
62.0,18.7,551,67759,0.0104,2,8284,Healthy
64.0,19.8,4169,23910,0.0043,0,8585,Healthy
46.6,47.2,13486,9102,0.0083,1,6008,Healthy
55.2,49.2,7307,19114,0.0005,3,5177,Warning
46.8,1.8,37265,18944,0.0027,3,9103,Healthy
31.6,14.8,38539,53550,0.0121,0,8813,Healthy
40.9,37.8,18257,68649,0.0457,2,6271,Healthy
46.3,68.4,22106,89118,0.0135,3,4337,Warning
40.5,22.8,9290,82016,0.0121,3,8108,Healthy
42.8,42.3,40280,45366,0.031,3,5577,Warning
44.1,55.7,18549,66713,0.0062,3,5431,Warning
44.2,88.9,41457,77138,0.002,4,2027,Warning
45.5,32.6,29778,57739,0.0047,4,6169,Healthy
34.4,13.4,15029,43711,0.0313,1,8846,Healthy
37.8,48.9,39200,3504,0.0226,2,5568,Warning
32.2,74.7,48847,64289,0.0019,1,3949,Warning
54.8,11.0,8013,75022,0.022,2,8975,Healthy
23.9,42.5,10095,64584,0.0536,3,6150,Healthy
56.5,1.8,26827,99532,0.0009,1,9439,Healthy
58.9,3.4,2046,26769,0.0192,2,9837,Healthy
42.0,48.3,36283,80209,0.0095,1,5820,Warning
20.0,29.8,1494,21618,0.0139,3,7236,Healthy
41.4,84.5,47952,98994,0.015,5,2446,Warning
44.4,60.2,2521,14589,0.0295,0,5263,Warning
34.9,45.4,20403,43456,0.0163,0,6481,Healthy
39.8,40.8,40213,86286,0.018,2,6027,Healthy
60.3,49.7,19567,92101,0.0081,2,5509,Warning
51.6,4.0,40898,79726,0.0027,0,9369,Healthy
35.8,89.3,24604,14240,0.023,3,2516,Warning
29.0,99.8,11080,70081,0.0,3,1267,Critical
41.7,18.1,1944,71660,0.008,3,7817,Healthy
42.9,12.0,34672,86578,0.0049,2,8468,Healthy
50.0,14.4,41949,44279,0.0098,4,7891,Healthy
39.6,66.1,18987,20995,0.0075,3,4061,Warning
50.1,66.1,18377,40102,0.0244,3,3975,Warning
64.4,84.8,37212,9533,0.006,1,3066,Warning
53.2,75.2,23075,53603,0.0165,1,3711,Warning
44.5,45.0,19549,87640,0.0122,4,5188,Warning
43.2,61.3,44701,20942,0.0323,0,5300,Warning
41.4,68.8,19559,3747,0.0112,0,4567,Warning
56.8,51.3,1359,50868,0.0399,3,5478,Warning
38.7,47.6,18704,55744,0.0,2,5808,Warning
45.5,64.5,13959,25974,0.0186,1,4762,Warning
45.5,55.7,43898,65284,0.0002,2,4785,Warning
40.0,64.4,25462,6086,0.025,3,4087,Warning
31.3,61.3,28043,56728,0.0054,3,4668,Warning
48.2,71.9,21419,8440,0.0096,3,3499,Warning
44.4,64.3,35315,19106,0.0096,2,4846,Warning
50.0,52.0,35997,41247,0.0375,1,6043,Healthy
39.7,68.2,7797,65227,0.0022,1,4426,Warning
57.2,44.9,23175,34782,0.022,0,6402,Healthy
36.2,24.2,31460,58260,0.0795,3,7999,Healthy
62.1,0.1,28260,63496,0.0005,1,9023,Healthy
27.5,56.0,28835,3383,0.0676,1,5359,Warning
49.3,59.1,31393,37094,0.0004,3,4981,Warning
49.8,97.2,4049,96531,0.0368,3,1070,Critical
37.0,36.1,10759,78603,0.065,1,6588,Healthy
49.2,39.4,8110,70375,0.0993,1,6834,Healthy
57.8,20.2,26869,99478,0.0123,1,8128,Healthy
22.8,7.1,23923,88709,0.0403,1,9346,Healthy
50.0,77.3,16500,15926,0.0026,2,2824,Warning
20.1,25.0,40827,16986,0.0111,0,7552,Healthy
35.3,60.9,39109,76585,0.0074,1,4771,Warning
61.3,68.8,14887,4493,0.0101,3,4262,Warning
39.2,47.1,8006,12719,0.0242,0,6416,Healthy
33.3,87.6,46053,4208,0.0018,2,2300,Warning
43.0,44.4,13403,29288,0.126,4,5270,Warning
65.7,28.5,1366,1995,0.0202,2,7484,Healthy
26.7,89.6,33346,95470,0.0414,1,2623,Warning
34.5,86.2,4077,36660,0.0354,3,2593,Warning
60.0,16.4,6168,8037,0.029,1,8328,Healthy
63.6,2.6,44604,36053,0.0008,0,9629,Healthy
44.0,9.0,31327,22703,0.0145,5,8252,Healthy
32.6,28.7,12840,54532,0.008,3,6873,Healthy
66.0,97.2,22897,71624,0.0024,2,1592,Critical
60.9,55.9,7891,94344,0.0084,3,4381,Warning
51.8,37.3,585,81247,0.0207,4,6036,Healthy
36.9,88.9,45148,38159,0.0052,2,2127,Warning
44.5,45.3,30795,64543,0.0118,1,5963,Warning
43.4,31.5,37541,4025,0.0104,2,7023,Healthy
48.3,94.1,437,85937,0.0011,1,2504,Warning
59.5,85.0,25536,5277,0.0198,2,2705,Warning
53.8,84.4,15192,70225,0.0193,1,3055,Warning
34.2,51.2,34871,46291,0.0679,2,5313,Warning
58.8,78.9,1571,89353,0.0071,3,3121,Warning
48.1,17.9,44488,32001,0.0109,2,8122,Healthy
51.9,57.3,27796,65758,0.0103,2,4392,Warning
59.7,98.4,6589,84333,0.0505,3,1419,Critical
33.9,29.1,7956,76685,0.0105,1,7428,Healthy
44.6,79.4,28711,24219,0.0117,6,2518,Warning
39.7,49.0,9465,67186,0.0058,1,5628,Warning
29.3,4.0,34473,80337,0.0,0,9563,Healthy
48.5,76.3,5764,28934,0.0023,4,3308,Warning
70.1,16.9,23423,21020,0.0243,3,7799,Healthy
26.6,63.1,26555,57381,0.0229,3,4144,Warning
44.7,8.6,5479,2010,0.0078,3,9121,Healthy
51.4,94.7,44453,29046,0.0128,1,1916,Critical
46.2,29.2,2224,14482,0.0071,2,6713,Healthy
43.9,22.6,46289,69951,0.0263,1,8216,Healthy
32.0,12.9,31636,80770,0.037,3,7860,Healthy
47.3,94.6,5091,88745,0.0459,1,2120,Warning
37.4,71.2,6894,20136,0.0038,3,3801,Warning
23.1,74.2,29318,98720,0.0237,2,3895,Warning
56.9,49.9,31213,58587,0.0659,1,5908,Warning
54.6,47.5,36174,11457,0.021,2,5478,Warning
45.5,11.0,28077,37206,0.0086,2,9171,Healthy
47.3,56.0,28459,99877,0.0202,2,4995,Warning
55.7,24.7,49402,63371,0.0233,2,7343,Healthy
47.2,97.7,48773,62237,0.0101,3,1850,Critical
54.0,79.7,18143,41475,0.0022,1,3138,Warning
42.0,41.3,22623,97864,0.0187,0,6785,Healthy
58.1,15.1,9170,28629,0.0324,1,8443,Healthy
48.2,78.5,7299,38439,0.1205,1,3284,Warning
46.9,12.2,18803,65559,0.005,0,9741,Healthy
32.3,18.9,19367,8798,0.0241,2,8097,Healthy
47.9,21.2,14233,64922,0.0006,1,7431,Healthy
36.7,55.7,28671,6980,0.07,4,4204,Warning
38.6,78.7,27091,93580,0.0003,1,3575,Warning
36.8,31.4,11679,60889,0.0089,1,6845,Healthy
34.3,8.5,49841,68893,0.0016,1,8929,Healthy
66.2,46.5,33455,4849,0.0194,1,6305,Healthy
58.3,74.8,19103,67464,0.0083,2,3553,Warning
64.2,22.2,21971,39991,0.0264,3,7813,Healthy
32.8,22.0,6323,47278,0.0133,2,8196,Healthy
45.7,94.7,14297,89199,0.0109,2,2218,Warning
32.1,95.4,9487,28177,0.0086,0,2075,Warning
38.0,99.0,37221,96940,0.0018,2,1920,Critical
35.8,80.8,27002,81754,0.0046,3,3172,Warning
57.4,18.8,14939,80845,0.0204,0,8455,Healthy
41.0,21.2,35473,13772,0.0137,2,7616,Healthy
55.7,34.0,35406,12328,0.0015,2,6884,Healthy
51.0,31.8,13996,44931,0.0157,3,6881,Healthy
68.0,95.7,41625,8356,0.0011,1,1792,Critical
30.2,78.9,16298,11723,0.0143,0,3932,Warning
57.6,72.4,34624,39913,0.067,2,3623,Warning
56.5,18.6,28751,57322,0.0073,5,7495,Healthy
35.3,91.0,32736,36189,0.0257,3,2208,Warning
55.1,82.8,34228,74202,0.0274,0,3406,Warning
48.4,16.4,27244,56896,0.0104,1,8446,Healthy
42.7,87.1,18857,13137,0.018,2,2316,Warning
36.8,27.2,34063,47034,0.0128,0,8252,Healthy
37.8,8.1,18615,66914,0.0067,2,9359,Healthy
65.5,65.7,40877,76740,0.0281,2,4641,Warning
45.0,65.4,22127,74538,0.0243,3,4146,Warning
52.8,9.5,13892,15766,0.0462,1,9158,Healthy
37.1,31.9,15877,48568,0.0193,2,6706,Healthy
37.2,99.3,19894,44856,0.0098,1,1838,Critical
55.8,67.8,32644,86795,0.025,3,3431,Warning
31.5,73.0,18851,15546,0.0193,2,3561,Warning
40.8,21.3,31123,25770,0.0192,4,7640,Healthy
45.3,7.9,19827,76842,0.0379,3,9031,Healthy
46.1,27.7,47893,38488,0.0483,1,7255,Healthy
43.2,24.9,23765,52679,0.004,4,6964,Healthy
49.0,23.5,31226,36392,0.0075,2,7831,Healthy
51.9,19.3,19581,30012,0.021,2,7493,Healthy
52.3,57.5,25936,59665,0.0163,3,5216,Warning
35.1,32.8,34201,5599,0.0211,4,6282,Healthy
42.2,82.0,23649,53987,0.0113,1,3173,Warning
56.9,18.4,45704,96347,0.0106,2,8312,Healthy
53.9,46.5,3436,74588,0.0025,4,5412,Warning
31.3,1.4,8257,77663,0.0195,1,9555,Healthy
48.5,48.2,36255,91345,0.0039,1,6079,Healthy
25.2,5.6,37581,50503,0.0222,2,8972,Healthy
45.5,97.8,31667,67386,0.0683,1,1990,Critical
64.0,79.1,37969,78312,0.0059,3,3056,Warning
35.5,49.0,2531,12239,0.0031,1,5504,Warning
36.7,8.7,33884,87338,0.0005,1,9475,Healthy
52.6,59.2,17125,12884,0.0095,0,5135,Warning
29.6,75.9,20546,33594,0.0048,2,3658,Warning
38.7,19.1,8607,2620,0.0135,0,8209,Healthy
51.0,56.8,33308,1493,0.0149,3,4258,Warning
38.7,81.4,17622,87795,0.0086,3,3195,Warning
42.6,76.8,47502,18650,0.0277,2,3422,Warning
52.4,80.3,25590,65181,0.047,3,2977,Warning
49.2,87.9,38111,45888,0.0048,2,2572,Warning
47.7,93.8,35171,91792,0.0362,3,2493,Warning
41.6,40.6,47854,51616,0.0028,2,6581,Healthy
48.7,56.9,30513,56253,0.0052,1,5434,Warning
43.8,79.1,45202,40287,0.0165,2,3080,Warning
49.6,69.7,14140,36173,0.0073,3,3760,Warning
40.0,99.6,38818,8790,0.0009,4,1234,Critical
43.2,1.4,7146,60623,0.007,0,10000,Healthy
35.1,35.5,39474,17127,0.0471,2,6624,Healthy
44.6,28.1,36289,73974,0.0038,0,7641,Healthy
36.9,26.2,46302,59344,0.0289,2,7711,Healthy
33.9,22.3,18562,63404,0.0256,1,8469,Healthy
47.6,70.9,38971,65205,0.0022,0,3671,Warning
47.1,8.5,20634,68745,0.008,3,8969,Healthy
52.8,74.2,35068,28129,0.0042,1,3780,Warning
40.7,69.3,21035,44686,0.0005,3,4031,Warning
49.1,25.1,41095,90121,0.0038,3,7343,Healthy
50.5,25.3,9109,47037,0.0045,4,7057,Healthy
49.4,62.9,47089,31332,0.0036,5,3991,Warning
36.7,76.2,46976,23972,0.0019,1,3272,Warning
46.5,87.6,2046,49350,0.0149,3,2061,Warning
48.6,85.2,36824,86798,0.0078,3,2433,Warning
45.1,96.5,45411,10007,0.0478,2,1842,Critical
24.1,58.1,40583,75614,0.0041,2,5311,Warning
46.6,90.9,3425,56196,0.0185,1,2746,Warning
67.1,80.9,8799,72747,0.0462,2,3019,Warning
41.4,89.5,3845,56873,0.001,2,2099,Warning
37.7,1.2,45176,61764,0.0145,0,9900,Healthy
48.7,96.6,44937,16479,0.012,3,1796,Critical
48.1,47.4,30894,15549,0.0528,2,5612,Warning
56.9,79.8,24644,59581,0.0218,5,2509,Warning
32.4,12.7,21298,25497,0.0086,2,8924,Healthy
52.3,39.6,13589,56644,0.0249,3,6255,Healthy
50.9,27.1,46216,41330,0.0175,1,7613,Healthy
43.6,29.2,22574,81869,0.0085,1,7443,Healthy
48.4,12.3,18520,86221,0.0308,0,9373,Healthy
55.3,80.6,2777,22246,0.0221,2,2565,Warning
53.7,0.9,34612,87893,0.0001,1,9851,Healthy
33.6,31.3,11275,10103,0.0401,3,6297,Healthy
53.2,17.4,43418,77477,0.0101,2,8049,Healthy
44.4,58.9,42291,5070,0.0207,2,4355,Warning
45.7,25.4,1277,32816,0.0101,6,6871,Healthy
45.7,25.9,861,52104,0.0426,2,6854,Healthy
43.5,48.8,37646,18967,0.021,7,4210,Warning
56.9,65.3,6558,78881,0.0173,4,3943,Warning
44.2,12.1,20210,45138,0.0785,2,8555,Healthy
33.8,17.6,42603,27443,0.0066,0,9059,Healthy
41.1,24.7,28353,70869,0.0013,1,8320,Healthy
46.8,97.4,18417,3840,0.0145,3,1169,Critical
57.3,39.7,28533,44032,0.011,1,6430,Healthy
51.0,59.9,7279,78348,0.0121,4,4261,Warning
36.5,24.2,14949,66675,0.0194,2,7944,Healthy
69.9,49.0,4544,59418,0.0191,0,5944,Warning
47.6,7.4,3064,44688,0.01,0,8821,Healthy
57.8,3.5,42090,15711,0.0397,1,9720,Healthy
43.5,46.9,12911,13996,0.0211,6,4870,Warning
50.3,39.9,10167,94881,0.0441,3,6633,Healthy
53.4,13.7,40092,57748,0.0489,1,8775,Healthy
57.2,68.8,10572,96125,0.0037,4,3937,Warning
55.6,99.3,15226,41645,0.0228,0,2239,Warning
53.7,39.6,3201,30172,0.0076,1,6323,Healthy
41.8,62.5,27090,81981,0.0362,3,3739,Warning
39.3,96.3,36765,83738,0.0264,3,2160,Warning
48.3,83.2,3778,74755,0.0044,1,3344,Warning
54.3,46.4,34711,36527,0.0558,1,5716,Warning
42.8,73.7,30829,36751,0.023,0,3296,Warning
55.7,12.8,29135,19903,0.0594,2,8942,Healthy
59.5,51.2,16058,92845,0.0045,1,5761,Warning
35.8,27.9,24350,25650,0.0408,1,7889,Healthy
36.6,16.1,7183,76262,0.0221,0,8820,Healthy
43.6,42.6,21856,47440,0.0161,3,5779,Warning
48.1,13.1,1566,50976,0.0344,2,8330,Healthy
39.8,69.9,49987,34702,0.02,1,4162,Warning
58.5,45.6,439,9229,0.0221,1,6106,Healthy
49.2,53.1,44647,24438,0.0059,4,4627,Warning
45.4,14.6,21203,75802,0.034,2,8356,Healthy
30.6,14.0,17188,74420,0.021,0,9103,Healthy
31.8,58.3,3824,26262,0.0372,0,5297,Warning
47.8,98.5,41057,29224,0.0087,4,1497,Critical
23.7,9.6,21743,91086,0.0081,2,8917,Healthy
55.1,28.6,26144,21153,0.0005,2,7666,Healthy
43.4,86.9,10434,14007,0.0293,3,2558,Warning
77.4,7.2,33420,73414,0.008,2,8730,Healthy
68.1,87.6,36359,43273,0.0079,0,2548,Warning
43.2,52.4,889,35705,0.0233,1,6135,Healthy
43.9,40.8,34041,12071,0.0058,2,6041,Healthy
55.0,31.0,652,37820,0.0479,2,6996,Healthy
62.0,29.7,19906,49353,0.0154,4,6790,Healthy
28.6,30.6,37079,30690,0.0698,1,7098,Healthy
27.1,88.5,8923,89616,0.0016,2,2851,Warning
38.8,72.4,32080,37022,0.0082,2,3811,Warning
50.8,67.0,49521,72301,0.0096,0,4165,Warning
50.0,79.9,960,44989,0.0262,1,3474,Warning
55.7,25.7,390,72777,0.0048,3,7288,Healthy
33.0,61.8,42517,2337,0.0094,0,5204,Warning
21.8,46.0,14444,54263,0.0483,0,6849,Healthy
53.6,78.2,5970,83445,0.0024,4,2714,Warning
36.7,30.9,33497,57464,0.0274,5,6113,Healthy
24.8,64.3,39875,56898,0.0242,3,5107,Warning
46.5,88.2,16286,83078,0.0028,3,1994,Critical
52.9,40.2,38811,83097,0.0233,3,6726,Healthy
43.8,6.7,49726,95022,0.0169,3,9463,Healthy
40.4,51.6,32365,53698,0.0068,2,5362,Warning
43.4,34.6,21116,86241,0.0075,0,7580,Healthy
41.3,67.2,4180,35643,0.0358,2,3869,Warning
31.5,95.1,13072,49927,0.0053,3,1952,Critical
37.9,48.6,1860,7359,0.0144,3,5790,Warning
50.2,46.6,11374,46007,0.0229,4,5136,Warning
48.2,65.5,37576,34856,0.0028,0,5144,Warning
46.7,10.3,23404,87001,0.0539,1,9201,Healthy
35.0,25.4,12266,63070,0.006,1,8288,Healthy
43.2,91.9,3498,13354,0.0077,6,1509,Critical
23.2,67.0,30725,33513,0.0219,2,3512,Warning
46.8,1.3,47798,32154,0.0016,2,9562,Healthy
59.3,20.5,10615,23554,0.0198,0,8304,Healthy
30.3,68.3,14805,74228,0.0495,1,4628,Warning
39.1,76.4,36429,60754,0.0057,3,2903,Warning
48.3,84.0,10707,68220,0.009,1,3803,Warning
57.5,29.2,30106,45706,0.0053,1,7523,Healthy
40.5,93.1,13118,36519,0.0342,1,2772,Warning
38.1,55.3,9916,16781,0.0037,0,5068,Warning
25.3,69.7,20594,6363,0.0085,4,3558,Warning
46.0,59.7,21337,52703,0.0184,3,5175,Warning
65.4,12.3,6931,75738,0.0104,2,8365,Healthy
47.8,96.3,41063,37039,0.0014,2,1499,Critical
44.8,12.3,30641,79572,0.059,6,7768,Healthy
48.2,25.5,3547,42588,0.0082,4,7457,Healthy
44.9,81.4,46548,62938,0.0118,2,2972,Warning
36.9,61.9,5684,16577,0.0037,2,4607,Warning
53.2,83.8,27256,25773,0.0401,4,2485,Warning
47.3,51.6,36659,31552,0.0069,2,5377,Warning
45.2,37.7,21565,68455,0.0004,3,6558,Healthy
35.2,92.2,42220,14018,0.0076,3,1620,Critical
58.0,3.6,17317,7896,0.0828,2,8863,Healthy
51.6,85.6,47566,85048,0.0032,0,3259,Warning
39.5,23.1,10290,40577,0.0006,0,7984,Healthy
55.0,84.9,5435,12481,0.0173,0,3513,Warning
40.0,13.9,6360,99489,0.0093,2,8353,Healthy
37.2,58.0,25878,68792,0.0317,1,5284,Warning
37.4,88.8,15705,65342,0.0263,2,2642,Warning
27.3,47.4,18659,5523,0.0041,1,5875,Warning
49.7,74.7,42441,92454,0.0166,1,3797,Warning
26.7,80.5,20657,21719,0.0007,0,3586,Warning
32.7,73.6,35656,84392,0.0116,3,3197,Warning
24.2,92.5,43881,17594,0.025,1,2692,Warning
44.1,44.7,45237,38353,0.0107,2,5879,Warning
43.5,17.3,25017,6146,0.0025,1,8142,Healthy
41.7,4.8,26037,54545,0.0013,2,9259,Healthy
34.6,24.6,31638,47425,0.0384,1,8186,Healthy
33.3,14.3,6821,44427,0.0444,4,7984,Healthy
49.6,55.8,20675,12491,0.0084,1,5281,Warning
39.5,18.5,7412,19478,0.0036,1,8368,Healthy
48.2,3.9,47780,83512,0.0769,4,8741,Healthy
36.1,3.6,4716,36223,0.0158,3,8848,Healthy
46.8,83.2,33863,25287,0.013,2,2974,Warning
58.0,59.1,33224,92193,0.0271,1,4965,Warning
50.9,35.8,24861,49592,0.0037,1,6518,Healthy
40.9,89.4,1793,45291,0.0173,5,1757,Critical
47.6,7.0,2690,75671,0.0442,3,8706,Healthy
42.6,98.0,30970,15432,0.0005,4,1299,Critical
45.1,61.6,9634,37411,0.0224,1,4486,Warning
41.7,18.3,8021,10446,0.016,3,8101,Healthy
43.4,67.9,1791,85399,0.0602,1,4649,Warning
47.1,76.3,42142,14887,0.006,1,3668,Warning
35.1,42.9,3004,69641,0.0392,5,5437,Warning
34.8,86.2,44255,50073,0.0074,5,2181,Warning
31.1,15.1,44477,41905,0.0112,2,8460,Healthy
29.0,27.9,39805,9652,0.0048,8,5970,Warning
32.8,9.3,31056,98934,0.0398,3,8805,Healthy
46.6,21.1,18864,35915,0.0043,1,7910,Healthy
36.1,23.9,8308,96379,0.0392,5,6701,Healthy
50.1,91.8,15883,32348,0.0122,2,2180,Warning
45.3,7.8,8615,43894,0.036,2,8998,Healthy
25.3,42.7,2170,69765,0.0061,3,5904,Warning
51.5,53.2,17414,31955,0.0028,2,5550,Warning
53.1,89.9,45614,95848,0.0162,1,2571,Warning
35.1,99.8,13871,67060,0.0142,1,2186,Warning
49.2,75.3,31340,92264,0.0088,3,3633,Warning
36.4,97.1,45712,17421,0.0217,3,1136,Critical
46.0,78.7,17928,32679,0.002,2,3164,Warning
32.4,96.3,45096,52735,0.0195,0,2029,Warning
27.1,70.7,25078,32537,0.0048,1,4300,Warning
41.2,8.0,21036,33775,0.0028,2,9176,Healthy
43.8,40.2,26182,37192,0.0481,3,6339,Healthy
41.0,64.7,18005,9372,0.0123,2,4010,Warning
33.2,35.1,3198,52264,0.0288,0,7088,Healthy
41.0,27.3,27120,91371,0.0019,2,7711,Healthy
47.7,57.7,19052,86643,0.0012,2,5090,Warning
44.6,93.4,11085,52799,0.0137,3,1189,Critical
46.8,3.5,8383,35461,0.0076,2,9865,Healthy
38.3,76.9,46423,24966,0.0001,1,3655,Warning
56.7,72.3,37808,16262,0.004,1,4133,Warning
33.2,96.4,4862,19430,0.0049,0,2284,Warning
49.9,93.1,34621,54713,0.0068,2,1988,Critical
56.8,76.2,5154,70691,0.042,2,2927,Warning
49.8,52.0,13376,50874,0.0109,1,5485,Warning
43.0,20.4,5881,57402,0.0228,2,8085,Healthy
39.7,54.5,16571,71055,0.0004,4,4777,Warning
55.4,76.5,18125,55375,0.0336,3,3355,Warning
30.8,89.6,35830,39814,0.0055,1,2474,Warning
35.3,79.0,5513,52675,0.0074,4,2797,Warning
41.0,19.5,7520,85700,0.0009,1,8368,Healthy
57.4,60.0,41610,49478,0.0105,2,4736,Warning
48.8,33.2,43506,58915,0.0383,0,7178,Healthy
35.3,0.9,39778,82960,0.0095,6,8896,Healthy
41.9,20.0,26627,46755,0.0479,3,7724,Healthy
38.9,11.3,43350,50162,0.0404,1,8597,Healthy
37.9,84.3,12129,88582,0.0013,5,2213,Warning
54.8,25.9,41683,80866,0.0073,0,7805,Healthy
31.3,28.5,36625,78678,0.0483,5,6388,Healthy
61.1,96.0,37664,89122,0.0006,1,2713,Warning
53.3,37.9,36160,49996,0.029,1,6534,Healthy
55.9,1.0,3932,48291,0.0474,1,9755,Healthy
40.4,28.4,2711,96498,0.0294,2,7224,Healthy
43.5,11.9,8453,57735,0.0272,0,9379,Healthy
30.7,10.3,43142,39640,0.0371,3,8925,Healthy
39.8,7.7,27689,32576,0.0219,0,9507,Healthy
49.9,59.3,41096,45282,0.011,2,5078,Warning
58.0,18.9,25521,52132,0.0013,1,7795,Healthy
33.9,36.1,11168,22703,0.031,1,7246,Healthy
41.3,86.2,3446,93892,0.0471,1,3064,Warning
43.5,42.4,36922,46142,0.0143,2,5987,Warning
31.0,91.6,48860,9986,0.0152,0,2478,Warning
50.9,49.8,4300,61095,0.0103,3,5359,Warning
37.8,39.9,47359,32658,0.0389,3,6808,Healthy
43.0,75.0,8627,15181,0.0003,3,3314,Warning
40.5,7.3,47113,55290,0.0196,2,8784,Healthy
37.1,8.9,10635,55552,0.0476,2,8627,Healthy
44.9,65.2,18044,77737,0.0022,1,4008,Warning
42.8,48.7,40390,15872,0.064,1,6062,Healthy
41.3,79.0,46041,27111,0.0686,5,2839,Warning
37.7,91.6,4264,6023,0.0531,2,1341,Critical
48.2,38.8,30122,46293,0.0124,1,7123,Healthy
61.5,59.6,12538,20733,0.0097,2,4764,Warning
46.4,50.1,23204,25455,0.0245,2,5380,Warning
55.0,98.2,4952,69799,0.0077,2,1267,Critical
31.1,83.1,6813,48024,0.0014,2,2560,Warning
46.6,91.2,3283,43121,0.0463,1,2582,Warning
34.0,25.4,31454,85478,0.0201,1,8022,Healthy
30.2,77.3,8132,91918,0.0046,3,2895,Warning
37.6,26.5,14375,68501,0.0004,1,7117,Healthy
56.9,20.9,18893,70487,0.0257,1,8029,Healthy
54.5,94.4,37166,82097,0.0383,3,1497,Critical
47.4,1.9,19018,515,0.0104,0,9858,Healthy
29.7,96.5,5699,4910,0.0017,7,1155,Critical
43.0,14.9,32871,19464,0.0209,4,7678,Healthy
48.0,81.9,13540,71171,0.007,4,2769,Warning
46.8,27.6,11389,73984,0.0031,3,7535,Healthy
26.6,35.1,43908,70825,0.0143,1,7029,Healthy
36.1,21.7,46132,9102,0.0131,1,8194,Healthy
44.4,58.6,49278,7732,0.0145,4,4276,Warning
50.4,34.8,5261,57745,0.0347,3,6970,Healthy
23.0,65.7,1064,48450,0.0133,2,4472,Warning
43.4,1.6,16042,70871,0.0462,2,9126,Healthy
46.4,6.4,49323,92102,0.0369,3,9384,Healthy
53.5,10.0,38469,28881,0.0211,2,8108,Healthy
51.9,41.9,14284,76805,0.0012,2,6578,Healthy
50.8,81.5,3047,56525,0.04,3,2479,Warning
37.0,88.8,43375,82692,0.0472,2,2462,Warning
25.9,24.5,44957,54206,0.0094,2,7995,Healthy
41.1,57.4,6338,1319,0.0149,0,4982,Warning
55.0,76.8,13256,35883,0.0066,1,3757,Warning
58.9,28.9,2511,79184,0.0003,2,6696,Healthy
52.1,40.9,15774,72105,0.0131,2,6229,Healthy
49.3,52.4,8408,6140,0.0028,1,6036,Healthy
48.8,13.5,43271,60388,0.0041,3,8254,Healthy
39.4,2.6,3024,87310,0.0131,1,9857,Healthy
43.7,15.3,35705,62744,0.0404,6,7782,Healthy
61.7,62.7,676,73737,0.0372,2,4161,Warning
35.6,7.4,14741,85401,0.0671,2,8499,Healthy
61.1,19.0,9063,69075,0.0132,3,8064,Healthy
41.8,33.8,24391,54587,0.0161,1,7208,Healthy
58.3,7.8,41259,32415,0.0345,1,8858,Healthy
30.9,19.2,32828,44142,0.0241,2,7947,Healthy
50.9,91.1,41239,57111,0.004,2,2374,Warning
37.6,1.9,18889,47389,0.0102,3,9032,Healthy
30.8,65.3,39751,41715,0.0529,2,4600,Warning
47.2,38.4,27999,2987,0.0032,0,6920,Healthy
55.1,67.3,15758,61545,0.0047,2,4154,Warning
36.6,58.9,39007,93094,0.0102,1,4962,Warning
30.0,22.3,14284,94144,0.0562,1,8097,Healthy
44.1,84.7,31847,74535,0.0024,0,3186,Warning
44.1,49.2,13065,72167,0.0224,0,5478,Warning
50.5,82.3,10593,59540,0.0028,0,3959,Warning
54.5,40.6,26278,91020,0.0149,3,5479,Warning
44.4,98.5,33987,61795,0.0154,2,2126,Warning
63.6,77.0,2314,1325,0.0009,6,2373,Warning
47.2,96.6,8100,1691,0.0616,2,1640,Critical
41.5,51.4,8165,43594,0.0329,1,6213,Healthy
28.9,47.4,42971,63990,0.0072,1,5286,Warning
42.4,75.5,1185,80743,0.0028,3,3321,Warning
41.6,88.0,49425,55299,0.0085,1,3145,Warning
54.6,96.4,46432,40053,0.0449,2,1657,Critical
49.6,32.5,3632,94805,0.0028,4,6709,Healthy
33.2,79.9,17722,7313,0.0086,2,3545,Warning
46.7,21.1,4934,26850,0.0136,0,8264,Healthy
51.7,54.6,20297,88061,0.0007,3,5448,Warning
60.3,18.0,12108,29492,0.0062,4,7744,Healthy
53.9,34.7,13062,82953,0.0181,0,7033,Healthy
52.6,93.1,47329,88930,0.0078,1,2479,Warning
45.6,14.6,47456,34475,0.0409,2,8734,Healthy
48.9,63.2,8112,25492,0.0552,2,4264,Warning
57.5,59.3,20266,44236,0.0117,0,5165,Warning
31.7,12.1,18728,1737,0.0152,2,8269,Healthy
41.5,32.6,9949,5443,0.0199,1,7056,Healthy
37.3,56.3,41472,54417,0.0218,1,5115,Warning
48.8,18.7,13867,92555,0.0013,2,8178,Healthy
57.3,80.1,15211,92792,0.0011,1,2850,Warning
39.0,97.2,40089,21720,0.0401,1,1919,Critical
21.1,21.5,40682,48298,0.005,2,8106,Healthy
40.9,18.7,44470,29194,0.0175,2,8225,Healthy
54.1,45.5,45152,28750,0.0196,2,6187,Healthy
50.4,74.8,48378,79978,0.0036,2,3825,Warning
49.3,28.2,33991,33727,0.0287,2,7544,Healthy
42.2,2.0,45389,78805,0.0402,4,8691,Healthy
32.2,54.1,21665,82539,0.0067,2,5031,Warning
50.2,95.7,35111,54420,0.042,1,2356,Warning
36.7,39.1,2689,10947,0.0017,3,5649,Warning
66.8,42.0,42838,74545,0.0322,4,5265,Warning
50.7,96.9,47498,23365,0.0204,3,1534,Critical
39.2,69.5,44582,55950,0.0175,2,4006,Warning
38.9,71.9,9849,16634,0.0052,2,3663,Warning
44.1,56.3,22783,52878,0.009,2,4529,Warning
42.6,97.5,4601,16701,0.0482,2,2094,Warning
56.2,68.9,23523,19436,0.0125,3,3677,Warning
46.9,89.5,19257,79294,0.018,4,1585,Critical
37.7,69.9,19269,62252,0.0549,2,3138,Warning
63.9,73.5,23424,65809,0.0126,4,3559,Warning
45.5,29.0,1806,22262,0.0098,3,7039,Healthy
52.7,30.3,28319,3728,0.0447,5,6260,Healthy
38.9,78.3,41434,59905,0.0484,3,3336,Warning
48.6,29.7,1712,69446,0.0088,3,7188,Healthy
48.1,56.3,16938,908,0.0179,0,5522,Warning
26.1,24.9,37165,47997,0.0663,1,7734,Healthy
65.2,81.7,30527,51919,0.0011,3,2733,Warning
57.9,11.1,15646,58587,0.0008,0,9272,Healthy
41.0,82.9,48835,6273,0.0145,1,2602,Warning
34.0,60.3,9145,53486,0.0069,1,4855,Warning
48.5,18.7,25399,59675,0.0174,5,7038,Healthy
45.9,54.2,1491,75215,0.0258,0,5720,Warning
48.6,28.2,43447,6117,0.0014,3,7397,Healthy
46.9,32.3,41321,68737,0.0428,0,7382,Healthy
50.1,35.2,40876,4407,0.0065,2,6710,Healthy
59.5,6.3,32767,14341,0.0096,2,8628,Healthy
50.7,98.6,16048,91366,0.0082,3,1603,Critical
34.5,3.2,25218,50327,0.0366,1,9762,Healthy
58.6,66.2,38293,54579,0.0037,2,4258,Warning
61.4,37.1,14257,79443,0.0006,3,6248,Healthy
76.5,64.6,17121,61967,0.0714,1,4281,Warning
33.8,35.6,8456,48591,0.0789,1,7223,Healthy
47.4,67.4,35673,55001,0.006,2,4760,Warning
24.2,72.9,48315,62355,0.0002,5,3146,Warning
50.5,69.1,1323,98235,0.0208,3,3833,Warning
39.5,11.4,36210,92322,0.0209,1,8929,Healthy
64.2,65.7,24726,20359,0.0564,1,4746,Warning
37.3,28.0,49740,72852,0.0071,2,7607,Healthy
28.1,2.9,31017,50193,0.0042,1,9968,Healthy
40.3,41.5,21626,17048,0.0192,3,6117,Healthy
25.2,43.4,8956,92867,0.0166,2,6784,Healthy
52.5,46.7,38929,83404,0.0253,1,6231,Healthy
24.3,70.5,13632,85081,0.0433,3,3692,Warning
45.3,30.9,20845,33885,0.0164,1,7687,Healthy
24.2,31.5,20436,78141,0.0033,2,7829,Healthy
41.8,6.1,30896,25144,0.0182,2,8915,Healthy
61.4,68.7,27267,6139,0.0094,3,3805,Warning
48.6,56.8,980,96366,0.0121,4,4720,Warning
36.4,34.9,16918,77652,0.0641,1,6716,Healthy
44.7,70.5,38992,21080,0.0162,3,4039,Warning
45.2,53.7,24588,98804,0.0032,0,5584,Warning
49.7,46.9,38052,27474,0.0117,0,6093,Healthy
31.3,51.1,18468,45873,0.0052,4,5268,Warning
50.9,63.6,29128,96586,0.0029,3,4831,Warning
20.0,66.0,13323,48112,0.0249,3,3758,Warning
38.7,28.9,31495,25261,0.0198,4,6512,Healthy
40.1,14.1,30361,11201,0.0138,3,8287,Healthy
51.3,15.7,10084,21322,0.011,1,8095,Healthy
45.2,63.9,2898,15470,0.0078,1,4489,Warning
30.9,87.3,7703,87228,0.0018,0,2970,Warning
35.2,40.9,46151,36347,0.0071,3,6410,Healthy
47.0,17.0,11804,23603,0.0365,2,7810,Healthy
44.2,75.7,46188,57979,0.0306,0,3845,Warning
39.2,83.2,34361,94893,0.0717,2,2653,Warning
40.2,88.1,15807,83347,0.0213,1,2460,Warning
52.0,60.7,18109,61287,0.0161,1,4982,Warning
39.8,86.1,18331,87479,0.007,3,2647,Warning
44.1,1.5,3346,17444,0.0016,1,9637,Healthy
66.7,10.7,29925,99993,0.0192,1,9042,Healthy
30.8,9.3,16025,15474,0.0134,0,8915,Healthy
26.5,71.3,1416,47484,0.0285,0,4418,Warning
52.8,7.0,18434,47393,0.0106,1,9414,Healthy
38.2,49.6,31172,26814,0.0847,2,5736,Warning
41.8,47.3,49475,30352,0.0101,0,5577,Warning
37.2,31.1,2126,5453,0.0081,1,7519,Healthy
42.4,87.0,1647,90318,0.041,0,3136,Warning
61.0,17.0,15389,77273,0.0101,4,8188,Healthy
53.0,35.2,36646,28948,0.0409,3,6194,Healthy
53.6,77.4,48986,32271,0.0006,3,3304,Warning
30.8,3.0,39379,52050,0.0236,4,8821,Healthy
33.5,67.3,22269,55878,0.0015,4,3295,Warning
20.0,81.6,40625,55395,0.0032,3,2893,Warning
36.9,93.2,20207,59237,0.0241,2,1562,Critical
54.6,87.6,34391,68624,0.0068,2,2502,Warning
50.2,31.9,27379,61310,0.0047,0,7393,Healthy
42.8,58.6,18456,80851,0.0323,2,4682,Warning
44.8,7.7,45588,72392,0.0585,1,9194,Healthy
38.1,25.8,30143,20569,0.0053,2,7108,Healthy
47.0,9.4,46442,15195,0.0076,2,8575,Healthy
52.7,31.5,30066,53961,0.025,2,7557,Healthy
28.8,87.5,12895,21283,0.0338,3,2194,Warning
48.0,34.7,17100,1903,0.1417,2,6517,Healthy
54.3,56.2,20999,28827,0.0064,1,5043,Warning
40.8,43.3,21675,68321,0.0163,2,6425,Healthy
52.0,45.9,22258,9362,0.0029,2,6042,Healthy
73.1,97.0,48730,67764,0.008,5,916,Critical
44.0,29.6,19105,11930,0.0009,5,6703,Healthy
48.9,62.7,45301,34517,0.0047,1,5091,Warning
37.6,42.0,18577,34146,0.0141,3,6208,Healthy
46.8,6.1,19660,29422,0.0036,1,9565,Healthy
49.6,48.9,25808,12043,0.044,0,6538,Healthy
46.9,81.3,40352,50149,0.0248,3,2489,Warning
34.8,9.9,45276,92599,0.0006,1,9158,Healthy
47.1,7.0,20054,26053,0.0419,0,9171,Healthy
59.6,15.4,30735,49360,0.0757,2,8052,Healthy
49.5,76.4,18630,60888,0.0139,2,3519,Warning
54.6,72.4,805,60592,0.0076,2,3482,Warning
42.6,56.5,46393,73614,0.0061,1,5220,Warning
52.5,46.8,36680,21763,0.0018,1,6443,Healthy
47.8,88.8,27146,76704,0.0135,3,2520,Warning
35.5,76.7,44520,82958,0.001,0,3468,Warning
48.2,81.2,20252,12732,0.014,5,2022,Warning
35.1,81.3,31955,9592,0.0058,5,2416,Warning
38.7,64.3,2419,34734,0.0129,1,4459,Warning
46.9,45.8,8263,40982,0.0108,1,6293,Healthy
48.0,86.5,21705,18617,0.0073,0,2759,Warning
33.1,92.6,309,33758,0.0119,3,2051,Warning
55.5,2.4,4934,97226,0.0129,3,9314,Healthy
50.7,5.2,31612,59597,0.0359,2,9123,Healthy
38.0,95.9,12546,89131,0.0219,2,1924,Critical
29.6,27.7,4062,18802,0.0114,0,8355,Healthy
43.6,87.3,13128,76262,0.0471,0,2918,Warning
40.5,38.9,22003,41434,0.0282,2,6713,Healthy
46.1,11.9,11817,76939,0.0016,3,8108,Healthy
41.4,8.0,37662,88445,0.0033,4,8369,Healthy
24.9,15.7,30645,42946,0.0017,1,8295,Healthy
41.1,25.0,49097,80921,0.0077,2,7876,Healthy
41.9,48.9,35312,72135,0.0114,1,6018,Healthy
51.3,70.1,43643,26576,0.014,5,3615,Warning
38.0,98.6,41200,49849,0.0381,2,1645,Critical
61.8,44.2,35475,47078,0.0004,0,5990,Warning
25.9,51.8,20420,10226,0.0112,3,5393,Warning
58.1,52.2,19401,51365,0.0106,2,5511,Warning
42.8,53.9,18281,75576,0.0589,2,5561,Warning
53.6,51.8,9268,8602,0.0055,0,6020,Healthy
45.8,0.9,2673,13254,0.0026,0,9980,Healthy
56.4,0.2,19073,37112,0.0031,1,9911,Healthy
41.1,9.8,36151,33863,0.0147,3,8874,Healthy
34.0,10.2,42859,74366,0.0099,2,9032,Healthy
59.2,70.5,20901,66277,0.0281,4,3401,Warning
43.9,20.5,28744,19247,0.0078,2,7529,Healthy
47.2,89.5,27623,48270,0.0027,4,2253,Warning
57.3,92.9,33581,50384,0.0098,1,2364,Warning
34.7,97.6,18907,66170,0.0429,5,1087,Critical
51.0,93.9,1990,93871,0.0104,3,2198,Warning
39.1,27.2,20051,86181,0.0359,2,7320,Healthy
43.7,51.0,5475,35894,0.0093,1,5839,Warning
45.7,17.5,31405,60984,0.0066,2,8597,Healthy
30.0,80.6,15679,43584,0.0298,1,3460,Warning
37.2,88.8,9970,97155,0.0047,4,1872,Critical
58.5,85.1,18631,31593,0.0053,5,2087,Warning
53.9,43.3,9209,7679,0.001,3,5951,Warning
44.4,75.9,26942,34778,0.0042,0,4120,Warning
47.4,9.8,10816,46313,0.0095,2,8962,Healthy
42.1,4.0,18290,85216,0.0102,4,8683,Healthy
58.6,75.3,48685,72943,0.0109,3,3520,Warning
43.0,42.5,36919,64328,0.0131,3,7002,Healthy
47.3,99.6,32533,70442,0.017,0,2112,Warning
56.5,9.7,41619,96039,0.0042,4,8254,Healthy
37.2,85.6,25304,20248,0.019,3,2913,Warning
60.6,48.0,46508,89188,0.0082,2,5541,Warning
29.7,82.7,42971,75627,0.0265,1,3573,Warning
61.3,81.7,36630,10242,0.0163,1,3196,Warning
41.3,91.6,44611,3911,0.0162,1,2637,Warning
42.6,29.8,26484,82502,0.0231,3,6818,Healthy
26.1,95.0,10187,38964,0.0081,1,2330,Warning
40.5,15.2,12222,30198,0.0112,1,8681,Healthy
34.6,8.2,30998,76511,0.0175,2,9235,Healthy
38.9,43.2,15941,31608,0.0109,1,6232,Healthy
43.6,82.8,25682,84860,0.0117,2,3351,Warning
54.6,47.3,10142,71796,0.0064,0,6340,Healthy
47.1,82.9,26605,84202,0.0068,1,2527,Warning
48.1,73.0,23394,47633,0.024,2,3830,Warning
34.0,20.9,6273,47162,0.0001,0,7598,Healthy
36.2,94.9,18616,62921,0.002,0,2004,Warning
63.0,6.1,7032,97927,0.0594,5,8362,Healthy
37.6,89.8,18009,25680,0.0041,2,1877,Critical
61.6,30.4,30341,39694,0.0108,3,6717,Healthy
42.6,50.0,16812,82124,0.0379,1,5727,Warning
45.0,42.2,2757,13025,0.0,1,6390,Healthy
55.7,17.2,29205,41174,0.0519,2,7889,Healthy
57.7,35.8,41647,9422,0.0011,0,7170,Healthy
43.9,19.3,30482,63282,0.0037,1,8659,Healthy
41.1,20.4,22456,80318,0.0006,0,8338,Healthy
44.4,18.7,19689,35346,0.0147,3,7727,Healthy
48.4,48.9,39701,83397,0.0573,0,6144,Healthy
53.9,79.8,24016,95622,0.0365,2,2868,Warning
45.0,56.9,40775,67673,0.0204,5,4749,Warning
51.2,89.3,34466,14416,0.0041,1,3008,Warning
61.4,63.7,3951,31426,0.0407,2,5046,Warning
48.8,68.9,27148,43441,0.0281,1,4407,Warning
48.1,66.8,7682,60794,0.0062,6,3137,Warning
29.8,44.9,43877,20184,0.0327,0,6675,Healthy
20.0,68.9,40691,17466,0.0419,0,3968,Warning
48.9,7.0,4707,91071,0.024,3,9181,Healthy
44.1,86.0,5607,57979,0.0021,1,2963,Warning
39.9,77.8,6034,76204,0.083,2,3146,Warning
47.4,24.5,42071,58821,0.0016,3,7314,Healthy
44.4,76.8,22052,74511,0.0213,1,3581,Warning
56.3,1.3,4759,93509,0.0023,1,10000,Healthy
45.9,21.7,4498,35666,0.0472,3,7061,Healthy
37.5,6.5,6342,53764,0.0086,3,8994,Healthy
54.9,78.0,28720,3966,0.0143,1,3785,Warning
42.8,75.6,26005,22402,0.0039,1,3423,Warning
50.3,81.4,10896,60305,0.0158,3,3399,Warning
40.2,0.4,47245,5863,0.0559,2,9871,Healthy
38.5,50.1,39479,59897,0.0464,1,5536,Warning
45.8,70.5,47643,99583,0.0013,2,4028,Warning
45.1,15.5,39580,2634,0.0095,2,8059,Healthy
49.8,65.0,37375,65626,0.0062,3,4080,Warning
42.3,8.4,14037,51291,0.0131,1,8647,Healthy
26.6,18.1,31631,41879,0.0359,1,8330,Healthy
40.7,47.6,19669,92438,0.0269,2,5389,Warning
52.9,65.4,12443,93750,0.0084,4,3667,Warning
42.0,14.6,46903,86109,0.0096,4,8155,Healthy
42.5,18.5,11633,80619,0.0212,1,8392,Healthy
54.9,20.4,49447,38223,0.0043,3,7489,Healthy
37.9,23.9,31232,41666,0.0022,2,7245,Healthy
29.6,22.7,31456,89792,0.0056,4,7554,Healthy
43.4,39.5,15538,85810,0.0026,5,6045,Healthy
40.2,65.4,26466,89670,0.0087,2,4669,Warning
35.3,43.8,14068,97179,0.0555,2,6350,Healthy
43.2,77.6,17590,7749,0.0026,3,3296,Warning
49.9,71.9,19273,97304,0.0341,3,3562,Warning
44.9,12.7,10476,4296,0.0153,1,8605,Healthy
48.1,4.9,25214,19418,0.02,1,9569,Healthy
63.1,87.8,21268,19064,0.0037,4,1890,Critical
41.6,8.0,818,96748,0.0033,0,9491,Healthy
47.8,14.8,39944,94822,0.0036,1,8106,Healthy
39.9,2.2,36863,81348,0.022,3,9386,Healthy
36.5,62.8,405,92009,0.0275,3,4414,Warning
39.2,58.2,21914,79243,0.0506,1,4829,Warning
40.2,98.7,41447,67482,0.0102,3,1471,Critical
48.6,88.7,41784,66987,0.0124,2,2459,Warning
68.5,41.1,30811,53673,0.0127,2,6808,Healthy
37.8,37.2,14277,67753,0.0063,0,6943,Healthy
40.8,29.7,46070,53894,0.008,1,7505,Healthy
44.4,15.2,24670,11890,0.0375,2,8495,Healthy
49.0,13.8,35464,57127,0.0084,1,8606,Healthy
47.6,13.2,47709,87230,0.0407,2,8957,Healthy
57.8,11.4,18919,81513,0.0073,1,8916,Healthy
20.7,24.1,31491,84016,0.0083,0,7400,Healthy
21.1,30.7,15888,31450,0.0164,2,7141,Healthy
40.0,96.2,48751,72630,0.0022,0,2964,Warning
56.0,57.8,9996,63463,0.051,2,4771,Warning
29.3,98.8,20659,45193,0.0343,2,1792,Critical
20.0,37.2,23665,20100,0.0222,2,6400,Healthy
50.7,45.8,21026,75134,0.0887,3,5603,Warning
47.4,32.5,13476,63586,0.0003,1,7549,Healthy
34.1,18.3,21975,77978,0.0106,2,8357,Healthy
35.1,14.3,47706,14512,0.0391,3,8314,Healthy
35.3,94.5,12957,31202,0.0113,3,1864,Critical
46.1,98.7,1383,48676,0.0001,2,1664,Critical
38.7,4.5,15020,10846,0.0034,2,9315,Healthy
49.9,15.0,347,14928,0.0114,2,8728,Healthy
20.0,42.4,30946,6255,0.022,4,5792,Warning
36.4,18.6,6742,6783,0.0036,4,7798,Healthy
33.7,36.4,17465,49536,0.0119,3,6138,Healthy
42.4,12.9,37231,1837,0.0003,1,8515,Healthy
39.6,45.7,46819,60286,0.013,1,6555,Healthy
53.0,27.2,18049,63468,0.0453,1,7833,Healthy
26.4,35.2,33603,21357,0.0182,0,7318,Healthy
45.5,9.4,10951,90972,0.0116,3,8966,Healthy
50.6,42.8,14506,28140,0.0035,1,6467,Healthy
63.6,98.3,15028,38935,0.0045,1,2019,Warning
40.2,32.9,16932,16714,0.0016,4,6463,Healthy
48.2,87.6,7634,42032,0.0271,1,2838,Warning
27.0,84.3,1935,27031,0.0016,5,1931,Critical
21.1,95.2,4815,74049,0.0097,2,1701,Critical
53.4,79.0,33481,36312,0.0277,1,3211,Warning
44.9,66.0,22718,59428,0.025,2,4787,Warning
56.8,85.7,976,71054,0.0172,6,1928,Critical
31.3,7.6,43635,64383,0.0169,1,9285,Healthy
50.2,46.3,9425,84653,0.0019,4,5311,Warning
63.7,98.9,29546,93904,0.0038,0,2034,Warning
49.2,77.0,33539,52898,0.0153,4,2878,Warning
47.8,96.2,1730,43274,0.0086,2,1522,Critical
45.1,78.0,33228,31590,0.0004,2,3123,Warning
29.3,87.5,14813,37309,0.032,2,2085,Warning
58.6,70.7,10684,67925,0.0212,2,3988,Warning
38.9,76.1,4001,24560,0.0079,3,3599,Warning
50.0,52.3,47658,10591,0.0021,0,5705,Warning
29.4,92.4,16550,46783,0.0179,3,2138,Warning
33.2,82.5,27710,19539,0.0086,1,3108,Warning
59.4,84.4,22161,43789,0.0059,2,3101,Warning
41.5,67.3,15414,4218,0.0256,0,4547,Warning
59.5,30.5,2190,22419,0.008,2,7596,Healthy
44.2,3.6,26952,42516,0.0029,2,9193,Healthy
26.6,93.6,22554,75734,0.0131,2,2599,Warning
53.9,58.6,11807,34898,0.0353,1,4664,Warning
39.1,29.8,31667,21944,0.0379,1,7415,Healthy
52.0,14.9,33923,83411,0.0379,3,7998,Healthy
45.3,83.0,32107,48551,0.0109,2,3095,Warning
29.6,83.7,39124,7366,0.0313,1,2707,Warning
46.6,81.5,14241,94580,0.038,1,2951,Warning
67.0,64.5,12846,70957,0.0123,1,4422,Warning
49.9,36.6,3447,46613,0.0077,4,6028,Healthy
44.4,30.4,9461,42022,0.0242,1,7257,Healthy
55.8,0.9,46536,65643,0.047,2,8963,Healthy
47.1,83.4,4201,33259,0.0716,3,2791,Warning
47.1,8.7,40375,23165,0.0069,2,9098,Healthy
34.1,63.1,48195,90978,0.0625,2,3879,Warning
47.3,50.4,41553,72285,0.0138,0,6234,Healthy
55.4,52.7,36047,66829,0.0073,2,5068,Warning
36.6,92.7,32768,28179,0.0891,3,1742,Critical
59.2,3.2,44903,54383,0.042,4,8897,Healthy
44.1,77.3,29710,80029,0.0236,1,3471,Warning
36.1,5.2,17847,99790,0.0451,2,8830,Healthy
55.0,3.8,15109,91569,0.0229,1,9269,Healthy
42.1,43.0,23751,69631,0.0116,3,5913,Warning
52.6,6.3,44458,48795,0.0591,3,8730,Healthy
42.1,78.9,1156,50506,0.0661,4,2651,Warning
44.4,53.0,33010,47681,0.0075,1,5422,Warning
49.9,2.9,11607,51221,0.0088,0,9914,Healthy
47.9,4.1,21315,2756,0.0096,7,8257,Healthy
25.0,61.3,27449,12601,0.0345,0,4598,Warning
33.8,80.6,30475,46990,0.0313,2,3141,Warning
54.3,43.8,10176,53755,0.0816,2,6310,Healthy
43.7,55.5,45105,95444,0.0125,0,5611,Warning
39.8,80.0,35349,96982,0.0267,1,3801,Warning
31.4,61.1,10182,37444,0.0389,3,3979,Warning
34.2,22.5,40764,73997,0.005,0,8066,Healthy
24.8,61.3,19609,15916,0.0194,4,4849,Warning
44.0,62.8,7150,38522,0.0159,2,4708,Warning
39.0,73.4,38879,8929,0.0272,3,3086,Warning
35.3,62.1,48198,14283,0.0238,2,4759,Warning
44.3,96.9,11514,61132,0.0335,3,1546,Critical
48.6,19.7,37018,24790,0.0075,2,8260,Healthy
65.9,95.1,15976,62989,0.0049,1,2113,Warning
29.9,53.8,7104,55653,0.0327,2,5537,Warning
56.6,67.2,9298,35000,0.0089,1,4365,Warning
54.7,9.9,27866,44521,0.0068,3,8683,Healthy
37.2,38.1,34088,99618,0.0082,1,7157,Healthy
47.0,76.9,37529,95321,0.0014,1,3700,Warning
40.4,70.7,37734,67222,0.0297,4,3163,Warning
46.9,4.0,1897,57233,0.0251,3,8760,Healthy
60.1,54.7,38842,84645,0.0161,4,5185,Warning
51.1,8.8,13265,9676,0.0252,1,8412,Healthy
50.1,99.6,19355,91409,0.0093,1,1599,Critical
40.7,89.7,39873,97991,0.007,3,3080,Warning
30.2,2.1,4712,22057,0.0397,2,9286,Healthy
42.9,85.9,25380,94774,0.011,3,2617,Warning
57.1,91.9,42733,91155,0.0044,3,1807,Critical
29.7,35.4,31628,55534,0.0276,2,6878,Healthy
34.4,72.0,44759,82939,0.0082,2,4064,Warning
46.3,44.2,10383,11238,0.0048,2,5952,Warning
35.2,65.5,5053,5541,0.0006,4,3984,Warning
37.1,34.0,20798,51106,0.0705,1,6665,Healthy
40.8,32.3,39919,89290,0.0126,1,7048,Healthy
31.3,42.4,45413,56865,0.0035,1,6403,Healthy
35.3,14.6,22116,41027,0.0284,0,9393,Healthy
52.0,83.1,13348,9750,0.0437,4,2077,Warning
31.9,34.9,17376,92848,0.015,3,6753,Healthy
29.0,40.0,31108,26188,0.0006,4,6289,Healthy
38.7,89.4,32313,20290,0.0091,1,2545,Warning
52.3,49.7,17455,1446,0.0056,1,6023,Healthy
43.0,54.4,16586,37298,0.0202,0,5946,Warning
40.4,95.6,15239,74363,0.0146,1,2727,Warning
45.4,88.7,48376,1636,0.0088,3,2841,Warning
27.5,16.9,21629,32415,0.0209,2,7583,Healthy
49.9,47.3,36114,91974,0.0176,1,5844,Warning
48.8,97.1,20196,66590,0.0474,2,1912,Critical
40.9,37.2,30217,23921,0.0182,4,6243,Healthy
55.1,37.2,46833,79269,0.0142,0,7250,Healthy
33.7,19.5,3517,60416,0.0347,1,8289,Healthy
56.3,11.4,6545,31393,0.0045,3,8567,Healthy
46.5,74.0,5517,64624,0.0056,0,4113,Warning
41.6,77.0,15594,36671,0.0306,1,3727,Warning
44.8,96.9,46234,19138,0.0117,1,2213,Warning
43.9,77.3,13402,66984,0.0105,1,3759,Warning
57.2,24.3,36527,98738,0.0436,5,6261,Healthy
34.2,4.0,40374,41563,0.0188,0,9308,Healthy
37.4,98.5,32198,24693,0.0325,2,1714,Critical
55.4,34.0,28903,73243,0.0332,2,7015,Healthy
39.0,31.2,29264,9738,0.0026,2,7250,Healthy
54.0,90.6,38541,7919,0.0212,3,1597,Critical
62.0,58.5,35025,20910,0.0609,1,4811,Warning
41.0,21.5,49833,6456,0.0131,0,8356,Healthy
51.8,88.9,33663,80661,0.0263,1,2864,Warning
33.5,99.3,11489,24253,0.0167,4,1322,Critical
52.5,8.7,44427,73358,0.0046,6,8126,Healthy
47.0,86.2,13590,68650,0.0043,2,2811,Warning
49.7,39.1,6144,26039,0.0114,2,6671,Healthy
38.5,52.4,41869,69307,0.0132,4,4431,Warning
28.4,91.5,27609,9529,0.014,2,2102,Warning
50.0,97.3,27944,57036,0.062,2,1892,Critical
24.4,26.2,21704,71714,0.0021,1,7625,Healthy
41.8,21.3,27660,85608,0.0096,2,7905,Healthy
54.4,8.1,672,48489,0.0145,4,8372,Healthy
46.9,56.2,1306,95131,0.066,2,4894,Warning
64.5,1.4,49151,81607,0.014,3,9331,Healthy
55.3,41.2,13196,43662,0.0299,3,5718,Warning
38.5,7.3,29650,20218,0.0277,0,9450,Healthy
45.3,40.5,35328,81902,0.0167,4,5730,Warning
44.5,4.0,20489,2698,0.0028,1,8920,Healthy
29.2,83.5,37793,9907,0.0049,2,3180,Warning
35.6,21.0,19097,75108,0.0055,2,8402,Healthy
39.4,32.8,34583,83174,0.0008,1,7236,Healthy
24.6,87.0,47307,5717,0.0095,2,2701,Warning
45.5,74.6,21729,97296,0.0189,1,3671,Warning
42.5,21.9,34437,76447,0.0031,0,8673,Healthy
28.3,7.2,17160,33638,0.0038,1,9710,Healthy
49.0,71.6,46100,35000,0.0246,2,3915,Warning
52.2,39.1,42893,5759,0.0037,3,6660,Healthy
47.3,76.6,14705,95620,0.0029,0,3895,Warning
41.8,44.5,35381,80152,0.0762,4,5552,Warning
50.9,34.6,41860,50453,0.0003,4,6472,Healthy
51.8,45.1,9433,23283,0.0079,1,6071,Healthy
48.1,74.9,49093,42449,0.0007,3,3951,Warning
36.8,90.2,29887,21655,0.0364,3,2478,Warning
47.8,5.0,14023,32889,0.0175,5,8323,Healthy
57.0,52.4,34899,56659,0.001,1,5705,Warning
39.0,3.3,42170,33683,0.0191,2,9365,Healthy
66.0,46.8,4429,31548,0.0026,2,6035,Healthy
39.7,88.5,5422,32621,0.0137,4,2067,Warning
45.3,36.2,33923,28041,0.0221,4,6052,Healthy
38.3,93.2,31176,36605,0.0032,3,1644,Critical
47.2,63.1,39975,22142,0.0137,1,4624,Warning
27.6,93.4,38538,38325,0.0122,2,2273,Warning
39.5,75.7,45249,59379,0.0495,1,3878,Warning
34.1,10.3,13933,29420,0.109,2,9163,Healthy
46.4,23.1,18234,55634,0.0213,2,6930,Healthy
54.9,39.4,7675,41261,0.0386,5,6314,Healthy
51.5,17.0,11463,52444,0.0208,2,7588,Healthy
21.3,49.5,22871,31527,0.0418,3,5578,Warning
65.4,47.1,28829,96516,0.0114,1,6128,Healthy
48.0,95.6,35880,73422,0.0187,1,1834,Critical
37.2,43.4,19912,21980,0.0373,4,5766,Warning
46.6,78.6,44622,38124,0.05,1,3283,Warning
46.8,94.2,22947,69691,0.0005,5,1852,Critical
38.3,87.7,5238,90904,0.0022,2,2224,Warning
47.0,20.9,25032,49528,0.0535,2,8031,Healthy
38.9,49.6,21739,97165,0.0168,1,6075,Healthy
41.0,34.8,49066,53945,0.0925,4,5830,Warning
38.1,40.0,37259,82499,0.0315,1,6237,Healthy
30.7,36.1,45680,96116,0.0341,1,6647,Healthy
46.5,82.6,46280,45692,0.0098,1,2693,Warning
50.9,45.2,40190,70344,0.006,2,6266,Healthy
50.1,52.4,42677,18746,0.0182,2,5518,Warning
53.2,98.2,26299,33886,0.0422,2,1890,Critical
48.2,6.0,38092,50611,0.0259,2,9328,Healthy
39.7,48.8,26341,77506,0.0128,2,5750,Warning
53.4,77.4,8051,48760,0.028,1,3093,Warning
31.4,15.1,13937,41382,0.0234,3,8058,Healthy
36.0,61.2,44259,60057,0.0488,1,5159,Warning
35.4,23.9,12788,61418,0.0061,1,7781,Healthy
55.8,86.7,9887,12688,0.0025,4,2294,Warning
54.4,32.7,34857,11169,0.0127,2,7264,Healthy
49.9,32.9,25204,11943,0.009,1,7508,Healthy
55.7,59.8,2704,20129,0.0737,2,5305,Warning
36.2,18.4,31369,27454,0.0002,1,8339,Healthy
48.5,28.5,163,7735,0.0542,2,7163,Healthy
43.7,41.7,12252,75950,0.0621,2,6188,Healthy
53.5,35.4,19296,50813,0.001,2,6609,Healthy
43.8,52.5,43881,43349,0.0441,3,5139,Warning
41.2,60.0,36895,51692,0.0127,0,5010,Warning
50.4,56.7,15059,94583,0.0291,2,5345,Warning
53.8,65.4,32969,12093,0.0017,2,4146,Warning
38.3,30.8,31380,41428,0.0621,1,7799,Healthy
44.4,12.6,28024,28385,0.0187,2,7666,Healthy
34.4,76.1,44358,55301,0.0458,4,3056,Warning
20.0,85.1,27567,9791,0.0224,0,3448,Warning
47.0,25.7,16156,45478,0.0154,2,7203,Healthy
51.1,40.7,3235,56970,0.0038,2,6070,Healthy
47.6,49.9,17664,64607,0.0039,4,5376,Warning
25.5,53.3,38377,70168,0.0128,3,5327,Warning
41.5,65.9,27562,97719,0.0409,0,4428,Warning
22.8,4.2,2828,1344,0.0024,1,9433,Healthy
58.7,72.1,7731,55429,0.1286,1,4325,Warning
34.1,6.2,10984,32369,0.0417,1,9322,Healthy
57.6,46.8,25074,97552,0.01,5,4912,Warning
54.5,82.8,49656,34911,0.0058,1,2724,Warning
36.0,45.1,35741,60177,0.051,5,5459,Warning
33.7,14.9,48359,34531,0.0026,2,8677,Healthy
48.5,98.5,36136,36202,0.0085,3,1840,Critical
36.6,88.9,19178,23023,0.0018,3,2706,Warning
46.0,77.1,10374,99019,0.0613,1,3640,Warning
40.2,41.2,18951,5276,0.0192,0,6695,Healthy
27.2,18.4,48626,61501,0.0082,4,7816,Healthy
22.7,94.1,4059,19224,0.0064,4,1839,Critical
47.3,53.2,23324,57358,0.0117,4,4755,Warning
39.4,85.2,13994,14600,0.0019,2,2854,Warning
39.5,34.2,27065,42967,0.044,3,6328,Healthy
52.0,33.5,37716,51742,0.0143,1,6022,Healthy
56.7,98.6,30658,61222,0.0258,1,1807,Critical
42.3,52.2,44045,99920,0.0053,2,5630,Warning
41.6,14.1,15790,79968,0.014,1,8146,Healthy
50.0,22.0,33547,22218,0.0047,2,8059,Healthy
31.4,48.2,17231,46514,0.0339,1,6080,Healthy
47.2,4.2,27529,20140,0.0299,2,8993,Healthy
50.5,46.3,17805,60812,0.0032,1,6618,Healthy
51.8,41.9,48810,20060,0.0015,2,6085,Healthy
25.6,77.9,22346,6880,0.0348,1,3078,Warning
37.4,35.5,45210,48256,0.0023,1,7100,Healthy
36.2,98.3,4889,94865,0.0159,2,2028,Warning
46.0,18.1,633,30079,0.0153,1,8824,Healthy
49.8,59.1,28876,96236,0.0045,1,5087,Warning
60.0,9.0,48402,85765,0.0179,5,8548,Healthy
40.1,73.4,18825,29037,0.014,2,3557,Warning
40.0,99.5,6794,90161,0.0142,3,1605,Critical
56.5,81.9,5106,6155,0.0089,2,3557,Warning
48.0,55.6,27098,59951,0.0365,0,6239,Healthy
57.7,48.5,37413,68484,0.0018,2,5534,Warning
47.9,83.5,42528,80221,0.0115,1,3548,Warning
33.4,93.6,30187,17711,0.006,0,2225,Warning
31.7,98.9,37775,22780,0.0377,0,1865,Critical
29.5,39.7,24462,34471,0.0051,2,6294,Healthy
51.6,99.1,4585,7298,0.0291,1,2115,Warning
56.9,15.6,1335,17728,0.0189,0,8768,Healthy
63.5,25.4,43774,36239,0.0416,0,7498,Healthy
53.4,8.9,42768,49220,0.018,4,8616,Healthy
56.6,27.2,48762,95345,0.0163,3,7613,Healthy
39.2,76.8,32083,70780,0.0323,2,3468,Warning
33.4,85.3,24139,41003,0.0165,1,3228,Warning
53.5,77.9,30516,15048,0.0372,4,2702,Warning
49.2,63.1,1245,69566,0.001,6,4041,Warning
46.1,51.4,23904,38353,0.0137,2,5263,Warning
48.9,70.9,47344,75031,0.0335,1,4134,Warning
48.2,39.1,1575,25203,0.0377,1,6376,Healthy
57.8,84.1,10147,26027,0.0359,4,2082,Warning
57.9,67.7,12256,97466,0.0185,3,3654,Warning
50.4,69.8,30521,66055,0.1022,1,3989,Warning
53.5,53.6,28055,61482,0.004,2,5354,Warning
50.1,88.5,22163,51433,0.0038,1,2475,Warning
40.4,25.2,48544,61678,0.0007,2,8378,Healthy
52.6,38.1,21899,60975,0.0908,0,6778,Healthy
31.1,77.8,21422,46230,0.0086,3,2787,Warning
55.5,49.3,34472,23741,0.0287,1,5172,Warning
33.1,88.9,15032,73332,0.0012,3,2849,Warning
47.9,34.6,46461,82369,0.0071,2,6961,Healthy
36.5,36.9,44339,42016,0.0196,3,6119,Healthy
50.5,88.9,37915,19128,0.0149,4,1976,Critical
44.7,46.4,43064,19867,0.0047,0,6069,Healthy
29.1,51.6,41043,12255,0.0124,1,5909,Warning
49.2,33.3,24103,54251,0.0023,1,7750,Healthy
39.2,27.7,22601,87786,0.0156,2,7106,Healthy
53.8,65.6,31192,13525,0.002,1,4771,Warning
45.0,12.0,15083,5387,0.0202,1,8831,Healthy
49.0,87.9,29868,61175,0.0034,2,2413,Warning
35.4,77.9,34704,79694,0.0158,4,2856,Warning
39.1,19.1,22388,49848,0.0028,3,7541,Healthy
40.4,69.4,46860,71262,0.0102,3,3929,Warning
53.6,60.3,6576,70024,0.0087,1,5079,Warning
61.8,18.5,48937,55384,0.0282,3,8081,Healthy
36.9,27.3,32702,22163,0.0205,4,7055,Healthy
55.8,40.9,42184,84889,0.0553,0,6375,Healthy
23.3,69.9,10062,18514,0.051,2,4154,Warning
33.1,63.9,28539,14739,0.0258,3,4011,Warning
35.4,53.2,3500,36546,0.0294,5,4692,Warning
31.5,76.8,24540,18922,0.0196,3,2942,Warning
29.2,75.8,46797,22316,0.0235,3,3604,Warning
49.1,61.8,24710,27555,0.0192,2,4427,Warning
42.9,78.7,29675,54673,0.0075,0,4328,Warning
48.8,33.4,19828,6970,0.0086,0,7163,Healthy
51.9,88.1,29167,89497,0.0171,1,2899,Warning
47.7,61.5,24403,46034,0.0255,1,5038,Warning
51.6,82.2,45362,70797,0.0104,2,2621,Warning
44.3,54.6,42840,22103,0.0031,0,5039,Warning
33.1,21.8,1728,61022,0.0123,1,7737,Healthy
55.6,54.2,39632,56653,0.066,2,5252,Warning
39.1,37.1,9621,22496,0.0048,0,6739,Healthy
35.6,69.7,38613,40478,0.0209,2,3754,Warning
43.2,47.6,42619,99378,0.081,3,6005,Healthy
35.9,83.6,25480,75949,0.0094,1,2938,Warning
40.8,67.8,29023,42478,0.0438,4,4002,Warning
48.4,68.5,34158,41064,0.0399,3,3787,Warning
48.5,21.7,28980,30499,0.0083,0,8188,Healthy
36.0,98.4,19070,32248,0.0021,1,1785,Critical
40.1,84.2,38991,61902,0.0039,0,3208,Warning
55.7,78.9,5030,32831,0.0091,1,3058,Warning
50.0,33.0,35418,44880,0.0639,0,7026,Healthy
65.8,53.6,41639,58243,0.0064,1,5285,Warning
56.8,13.7,42997,54342,0.0523,3,8445,Healthy
56.4,53.8,29943,65118,0.004,1,5945,Warning
31.1,14.6,49208,90728,0.07,3,8548,Healthy
52.6,55.3,32674,8486,0.007,6,4276,Warning
44.5,64.9,39851,79182,0.0201,0,4483,Warning
39.5,39.0,9957,43310,0.0014,1,6641,Healthy
46.7,49.9,23613,99635,0.0071,1,5920,Warning
54.5,87.6,34998,87388,0.0047,4,2179,Warning
50.0,10.9,23693,60544,0.0001,0,9360,Healthy
36.2,79.2,22783,77009,0.0034,0,3328,Warning
52.4,17.1,36608,53133,0.018,2,8209,Healthy
38.6,3.7,18984,19001,0.0099,0,9672,Healthy
47.2,18.6,5407,21366,0.0256,0,8426,Healthy
42.0,76.5,13004,18890,0.0222,3,3055,Warning
42.8,40.5,39635,41756,0.0321,3,5680,Warning
52.7,87.3,17981,40028,0.0404,2,2152,Warning
34.6,52.5,29278,28212,0.0343,4,5507,Warning
64.5,2.2,13682,6194,0.0119,1,9216,Healthy
26.8,71.7,36012,55714,0.0074,0,4084,Warning
39.0,11.0,43011,85499,0.014,1,8699,Healthy
48.7,78.9,42519,22162,0.0153,6,2320,Warning
50.8,16.8,8125,510,0.0075,2,8890,Healthy
44.0,34.5,49544,38148,0.0155,3,6755,Healthy
44.4,76.1,41714,28015,0.0022,4,2949,Warning
49.1,95.4,44044,76882,0.0053,2,1943,Critical
42.7,37.1,19288,47758,0.0274,2,6829,Healthy
58.9,82.9,7704,61030,0.004,2,3317,Warning
53.4,19.1,40007,28526,0.003,1,8400,Healthy
53.7,80.7,49079,17482,0.0068,1,3884,Warning
35.3,65.7,27390,17707,0.0093,0,4491,Warning
44.2,19.3,40696,57528,0.008,3,7764,Healthy
42.0,30.3,6303,38485,0.0094,0,7626,Healthy
34.9,13.2,7971,40354,0.003,0,9048,Healthy
48.6,38.3,14762,78342,0.0036,2,6336,Healthy
39.6,20.4,36882,66348,0.0054,0,8684,Healthy
51.6,64.4,11545,72707,0.0103,2,4613,Warning
34.3,99.5,11138,23584,0.0082,3,1276,Critical
62.2,1.2,45940,35760,0.0313,1,9558,Healthy
36.0,54.1,45922,43405,0.0149,2,5563,Warning
47.2,57.4,3605,17114,0.0171,0,5220,Warning
52.9,91.4,41578,53392,0.0164,0,2389,Warning
39.3,50.6,19169,11364,0.0102,2,5185,Warning
53.5,54.4,14518,48614,0.0787,3,4390,Warning
32.7,47.2,16511,15724,0.0008,0,6099,Healthy
59.5,26.9,33133,47962,0.0049,0,7075,Healthy
45.1,5.6,9598,543,0.0067,2,8927,Healthy
39.0,40.9,47600,40800,0.0426,1,7180,Healthy
42.0,5.3,21559,24976,0.0502,1,9092,Healthy
53.1,55.0,22303,28000,0.0374,2,5381,Warning
39.2,30.7,28130,94305,0.0108,2,7193,Healthy
37.5,53.4,21160,56930,0.0492,0,6111,Healthy
42.8,13.4,19874,20341,0.0021,1,8503,Healthy
33.2,93.3,47017,60793,0.0211,4,1732,Critical
63.2,89.5,33478,38652,0.0554,5,1709,Critical
39.3,19.0,45348,96967,0.0281,0,8475,Healthy
53.3,34.3,21030,6115,0.0065,0,6908,Healthy
47.1,61.3,13593,93997,0.0253,4,4072,Warning
35.2,9.6,37895,98549,0.007,0,8814,Healthy
44.9,35.5,13738,87926,0.0024,2,6415,Healthy
52.8,25.1,5824,27370,0.0253,3,7402,Healthy
43.1,91.6,302,53290,0.004,2,2845,Warning
56.9,85.3,33269,46376,0.0024,1,3292,Warning
55.2,58.0,2127,44827,0.016,3,4821,Warning
54.2,52.0,46823,43802,0.0194,0,5652,Warning
40.4,93.1,14907,90782,0.001,0,2106,Warning
34.2,93.2,28526,30336,0.0001,2,1718,Critical
38.9,96.9,41949,10331,0.0428,1,1994,Critical
47.0,12.5,278,33884,0.0024,0,9582,Healthy
50.5,16.1,5917,99043,0.0175,0,8900,Healthy
23.3,67.7,34847,39722,0.0614,1,4391,Warning
44.9,54.1,7285,95105,0.0143,2,5934,Warning
46.6,1.8,4084,43316,0.003,0,9883,Healthy
42.2,6.2,22149,42382,0.01,2,9256,Healthy
57.9,88.8,21505,54539,0.0196,1,3326,Warning
49.2,86.9,10336,63846,0.0288,0,3312,Warning
58.1,35.7,21996,51556,0.0187,3,6667,Healthy
42.8,89.1,35851,17696,0.0007,3,1552,Critical
54.4,59.4,14735,5499,0.0031,0,5683,Warning
61.4,80.6,8642,24526,0.0093,1,2950,Warning
58.1,42.7,37150,2230,0.0245,3,5438,Warning
34.1,11.3,44478,58675,0.0176,2,8761,Healthy
42.5,43.4,31442,69460,0.0009,2,6304,Healthy
41.5,45.7,44890,63334,0.0319,2,5595,Warning
49.9,55.1,8088,39330,0.0186,1,4918,Warning
51.9,10.6,32170,95752,0.0436,3,7847,Healthy
36.6,99.1,32055,97262,0.0108,2,1501,Critical
45.7,24.4,12696,68243,0.0135,3,7339,Healthy
24.8,19.9,23759,79067,0.0104,3,7379,Healthy
59.4,52.7,10516,28508,0.0256,9,4562,Warning
39.9,53.7,19271,95520,0.0279,2,5059,Warning
45.6,44.0,32677,69404,0.0257,2,5880,Warning
41.9,77.2,45403,87891,0.0069,1,3912,Warning
56.5,51.7,22836,68263,0.0202,1,5368,Warning
20.0,61.0,45371,49022,0.0083,0,5717,Warning
44.8,72.4,4908,65624,0.0359,1,4269,Warning
43.9,2.5,38756,30822,0.0011,1,9495,Healthy
40.5,57.1,5837,13317,0.0008,2,5468,Warning
62.3,88.4,35226,46974,0.0021,5,2360,Warning
36.1,1.7,29752,47630,0.0045,2,9326,Healthy
52.7,40.5,5490,13726,0.0008,2,6065,Healthy
48.6,92.6,20700,31657,0.0015,2,2058,Warning
57.6,35.3,506,86800,0.0073,2,6923,Healthy
38.3,45.9,32864,84240,0.0021,1,5971,Warning
37.7,98.2,49317,688,0.0324,2,1622,Critical
56.0,19.9,33095,96433,0.0011,1,8049,Healthy
49.3,6.5,46037,9914,0.0477,3,8632,Healthy
29.6,85.9,18668,7246,0.0409,3,2574,Warning
39.6,86.8,10533,14831,0.0047,3,2289,Warning
48.9,47.2,29477,77290,0.0015,2,6273,Healthy
53.4,51.4,23284,76253,0.0022,3,5271,Warning
38.2,83.6,48581,81619,0.0164,0,2977,Warning
20.0,73.9,9221,37880,0.0184,2,3692,Warning
50.2,26.5,28712,34818,0.0076,5,7081,Healthy
32.8,1.7,22307,16300,0.007,1,9622,Healthy
24.8,48.0,10895,96248,0.0152,4,5114,Warning
20.0,85.9,17664,27992,0.0073,0,2815,Warning
53.1,89.6,48703,98628,0.0545,2,2469,Warning
46.3,95.6,42099,5733,0.0096,1,2259,Warning
42.7,88.0,1201,22519,0.005,2,2873,Warning
58.9,58.0,34967,11947,0.0032,2,4648,Warning
51.4,44.5,613,80072,0.02,3,5850,Warning
61.2,77.5,11424,11498,0.0079,3,2939,Warning
31.1,74.0,15591,33301,0.0042,1,3925,Warning
44.7,53.8,13793,25371,0.0065,3,4661,Warning
28.8,8.7,16023,27576,0.0074,3,9064,Healthy
42.7,92.6,34700,94188,0.0197,4,1154,Critical
42.5,45.6,10972,1929,0.0038,1,5850,Warning
51.3,36.3,43158,10881,0.0264,0,7117,Healthy
45.5,63.0,7237,2487,0.0073,2,4278,Warning
51.2,67.4,11458,95355,0.0134,1,4127,Warning
52.0,21.1,5907,88691,0.0213,4,7692,Healthy
66.5,83.7,48750,19766,0.0157,2,2032,Warning
41.8,29.0,26603,59553,0.0217,2,6696,Healthy
35.6,18.7,14959,77925,0.0078,4,7351,Healthy
47.5,40.6,48005,48977,0.0662,1,6132,Healthy
37.0,73.1,22334,2047,0.0123,2,3980,Warning
59.8,96.5,11179,50114,0.0078,2,2002,Warning
42.2,80.9,31075,56359,0.007,4,2756,Warning
39.3,94.0,4443,54957,0.0009,1,2647,Warning
40.3,14.1,4728,99317,0.0231,0,7919,Healthy
52.2,7.1,22668,79586,0.0061,2,9042,Healthy
43.4,55.8,28206,5674,0.0638,1,5805,Warning
38.6,29.0,9081,20687,0.0047,1,7569,Healthy
61.7,82.8,34168,61531,0.0151,4,2250,Warning
36.4,67.2,34815,4438,0.0266,1,4589,Warning
45.4,97.1,2342,61333,0.0408,1,1997,Critical
51.5,25.5,48497,1971,0.0034,1,7782,Healthy
28.7,48.6,36524,57655,0.0845,0,5761,Warning
49.8,50.1,49559,17221,0.0474,2,5992,Warning
34.4,23.9,34318,73087,0.0659,4,7659,Healthy
53.2,59.0,40234,64805,0.0383,3,4589,Warning
35.4,44.3,2942,7944,0.042,4,5479,Warning
51.9,44.7,16117,93693,0.0183,0,6669,Healthy
56.1,36.3,13936,95835,0.0373,4,5917,Warning
53.6,1.7,14286,68428,0.0153,2,9198,Healthy
47.5,52.2,34532,16229,0.0155,3,5411,Warning
42.7,33.5,22857,34244,0.0165,1,7084,Healthy
39.2,0.1,47288,54630,0.1121,5,9269,Healthy
59.7,30.8,31216,95745,0.0022,2,6867,Healthy
38.0,27.9,36816,37336,0.0328,1,7222,Healthy
34.6,39.3,20556,75931,0.0064,3,6443,Healthy
51.7,13.2,3734,17755,0.009,3,7890,Healthy
37.0,50.8,49466,69445,0.0017,2,5752,Warning
35.5,69.2,35940,13244,0.0087,2,4065,Warning
30.6,63.0,20956,67585,0.0937,2,4188,Warning
40.2,80.4,2559,81121,0.0101,1,3014,Warning
44.2,45.2,36574,44967,0.0222,1,5988,Warning
47.4,51.9,31619,21345,0.0026,3,4803,Warning
54.5,81.0,17690,80772,0.0511,4,3288,Warning
50.3,42.8,8701,35889,0.0352,1,6327,Healthy
43.1,70.2,3569,3029,0.0098,3,3851,Warning
43.0,43.5,24891,43617,0.0086,2,5711,Warning
50.1,41.8,37715,56814,0.0113,1,6173,Healthy
57.7,76.0,448,27432,0.0103,3,3550,Warning
46.3,17.5,36519,8851,0.006,3,7650,Healthy
40.3,33.9,2978,77036,0.0939,3,6423,Healthy
35.1,22.4,11957,43459,0.0333,2,7861,Healthy
30.5,35.9,37617,23449,0.0062,0,6987,Healthy
51.7,23.0,44129,28069,0.08,2,7477,Healthy
50.8,57.9,20478,56608,0.0003,2,4572,Warning
50.8,79.8,44172,19818,0.0115,3,3253,Warning
43.7,78.7,102,19195,0.0169,2,3689,Warning
59.1,36.5,25758,81204,0.0008,3,7091,Healthy
40.2,98.9,23367,37596,0.0035,5,1003,Critical
54.6,59.4,45562,86748,0.006,3,4752,Warning
44.6,39.9,14453,85536,0.0255,2,6696,Healthy
38.9,83.6,1617,4247,0.0562,0,3292,Warning
50.9,73.0,42955,64900,0.0196,3,3845,Warning
49.1,74.9,20063,89244,0.0165,2,3735,Warning
48.6,19.6,13275,4930,0.0154,4,7820,Healthy
45.8,46.8,30467,84871,0.0086,2,5586,Warning
44.6,86.2,17332,29427,0.0352,3,1922,Critical
68.9,50.4,37904,60911,0.0156,3,5564,Warning
56.8,68.3,49457,9463,0.0052,3,3911,Warning
52.2,58.8,26568,87461,0.0029,4,4484,Warning
46.1,84.2,620,83531,0.0847,0,2631,Warning
55.1,28.5,21597,44771,0.0004,2,7726,Healthy
50.2,57.5,48573,78634,0.0542,4,4419,Warning
45.3,12.3,27027,10286,0.0049,2,7939,Healthy
42.0,69.0,6358,76957,0.0214,2,4652,Warning
44.2,73.2,35002,42741,0.0072,2,3693,Warning
20.0,4.3,15554,96289,0.0393,2,9378,Healthy
47.1,67.6,37706,86005,0.0157,3,4854,Warning
40.1,41.5,21029,90021,0.003,3,5918,Warning
60.9,12.4,24277,47732,0.0063,2,8613,Healthy
45.2,42.0,885,11520,0.0077,3,5832,Warning
33.1,19.4,8243,35641,0.0434,3,8167,Healthy
44.5,41.6,24192,29961,0.0291,1,6048,Healthy
34.5,38.4,47918,14852,0.0354,2,6897,Healthy
49.7,73.8,13735,56494,0.0011,1,4168,Warning
47.9,77.4,11082,15844,0.0173,2,3127,Warning
54.6,60.7,13509,54750,0.142,3,4335,Warning
37.1,2.3,48856,79161,0.0308,3,9716,Healthy
45.3,93.1,18641,19702,0.0026,0,1933,Critical
31.3,68.6,3628,42732,0.0227,7,3100,Warning
52.0,3.4,36427,66745,0.0274,0,9571,Healthy
50.2,81.9,46988,7492,0.0144,3,2677,Warning
50.0,20.0,24618,99542,0.0016,2,7259,Healthy
45.0,57.9,25046,26854,0.0007,3,4742,Warning
49.1,46.7,32180,79269,0.0556,2,5232,Warning
61.0,42.0,35805,5090,0.006,0,6712,Healthy
42.1,89.0,24656,94742,0.0095,3,2374,Warning
46.4,43.7,41006,14218,0.0317,3,6327,Healthy
34.1,7.5,38009,88507,0.0234,1,9593,Healthy
36.3,94.7,49973,13605,0.0692,6,1143,Critical
46.0,92.1,21875,5581,0.0019,2,2523,Warning
56.0,68.4,24141,92754,0.0245,1,4638,Warning
42.4,46.8,935,60467,0.0017,1,6092,Healthy
42.6,9.3,35847,20884,0.0,1,8935,Healthy
40.9,79.1,43385,70581,0.0026,3,3536,Warning
39.7,7.5,44984,5839,0.0192,1,9230,Healthy
47.9,6.9,35292,15853,0.0226,2,8450,Healthy
30.0,53.7,47435,59987,0.0115,3,5197,Warning
57.8,16.0,16204,26876,0.0009,1,8292,Healthy
38.3,0.8,15027,94064,0.0201,1,10000,Healthy
52.2,42.3,4621,85136,0.0018,3,5748,Warning
32.3,13.7,44186,4802,0.0031,1,8576,Healthy
51.7,16.1,14380,2309,0.0144,2,8599,Healthy
51.7,7.7,47644,94953,0.0083,1,10000,Healthy
48.8,20.5,30853,6330,0.0125,5,7302,Healthy
35.1,71.5,48048,18881,0.0202,1,3764,Warning
47.5,80.9,49705,49137,0.0035,3,2640,Warning
33.2,45.3,3559,68166,0.0447,2,5430,Warning
42.5,50.7,29535,4912,0.0164,2,5586,Warning
55.3,3.3,28177,76920,0.0004,1,9647,Healthy
53.0,6.9,1248,61020,0.0198,3,8409,Healthy
45.2,25.8,49774,56165,0.0124,1,7635,Healthy
35.3,54.4,37445,90168,0.0242,3,4921,Warning
51.5,74.0,31136,47275,0.0307,4,3042,Warning
45.2,60.5,49373,48233,0.0559,1,5091,Warning
21.8,39.2,20102,23207,0.1281,3,5964,Warning
52.8,11.8,48540,30978,0.016,0,9481,Healthy
44.8,78.1,39498,7245,0.0165,1,3027,Warning
57.0,36.4,36590,38470,0.0005,0,7046,Healthy
34.0,73.6,6030,12382,0.0401,0,3482,Warning
20.0,51.3,13488,77800,0.0006,1,5867,Warning
47.8,73.9,19791,90601,0.02,4,3196,Warning
47.9,90.7,3742,70479,0.0021,2,2272,Warning
28.1,92.1,19301,14083,0.0067,2,2056,Warning
35.2,53.5,7521,41790,0.003,2,5642,Warning
72.6,51.2,39915,54357,0.003,4,5425,Warning
41.9,26.6,13654,76172,0.0016,4,7188,Healthy
52.3,93.6,5688,87259,0.0077,2,1978,Critical
38.5,45.8,23871,20842,0.011,5,5384,Warning
24.1,12.8,25924,54316,0.0125,3,8451,Healthy
43.3,43.3,48128,75912,0.0116,1,6257,Healthy
42.3,12.7,9416,58814,0.0148,2,9294,Healthy
41.0,50.3,42717,1246,0.0393,4,4929,Warning
43.9,56.1,42813,24830,0.02,2,5086,Warning
47.6,33.8,45662,80088,0.0003,5,6164,Healthy
43.5,7.2,28334,42844,0.0038,0,9963,Healthy
32.4,94.4,19886,98612,0.0086,1,2043,Warning
49.9,77.3,37200,29106,0.0595,3,3435,Warning
25.5,83.9,15429,97037,0.0016,2,2627,Warning
24.5,36.7,15798,54973,0.0248,0,7076,Healthy
52.4,76.1,25427,9710,0.0007,0,4533,Warning
50.1,48.5,47709,81115,0.009,0,5665,Warning
44.4,20.1,16648,27654,0.0294,3,7484,Healthy
31.0,12.4,39857,29187,0.0084,1,9524,Healthy
37.9,34.5,18440,73184,0.0113,3,6961,Healthy
42.4,13.8,3960,78891,0.0471,0,8280,Healthy
29.0,99.8,19259,94552,0.0014,0,1847,Critical
37.6,4.9,27965,15973,0.015,3,8883,Healthy
51.5,44.1,34636,51676,0.0091,1,6479,Healthy
59.3,45.2,31855,65079,0.0664,4,5714,Warning
40.8,30.1,13843,30785,0.0316,2,7247,Healthy
52.6,57.1,6326,88593,0.0026,1,4838,Warning
25.9,15.0,12818,43002,0.0525,1,8973,Healthy
51.6,78.4,44756,14719,0.0047,1,3759,Warning
37.0,33.2,39489,52363,0.0018,2,6804,Healthy
48.1,59.1,25630,44506,0.0156,1,5825,Warning
42.5,71.6,33008,56670,0.0267,0,4165,Warning
58.2,88.9,49971,59298,0.0252,2,2713,Warning
36.3,83.6,1750,40465,0.0153,1,3812,Warning
51.3,60.8,40753,34970,0.0136,2,4722,Warning
42.2,38.8,47132,64647,0.0698,2,6249,Healthy
43.4,50.3,33883,40484,0.0344,0,6169,Healthy
43.2,76.9,47558,45880,0.024,2,3461,Warning
36.5,87.8,41402,72360,0.0043,1,3174,Warning
44.9,10.4,6392,86293,0.0343,3,8780,Healthy
44.4,38.5,22837,74349,0.0277,3,6597,Healthy
47.4,77.6,25651,47727,0.0966,3,2838,Warning
45.8,43.2,43643,92088,0.0029,2,6432,Healthy
53.0,33.2,19604,25103,0.0251,5,5961,Warning
54.2,41.1,16471,87798,0.0773,2,6427,Healthy
34.5,60.3,20910,19008,0.0124,3,4763,Warning
53.7,100.0,29136,82851,0.0264,1,1092,Critical
33.1,49.3,49262,5474,0.0741,2,5933,Warning
50.9,20.8,15647,20661,0.0159,4,7485,Healthy
51.2,16.3,27303,30230,0.024,1,8299,Healthy
25.9,4.2,9405,78759,0.0004,2,9235,Healthy
45.9,55.9,8913,81509,0.0147,4,4295,Warning
40.3,54.5,1000,1585,0.0059,3,5536,Warning
37.4,20.5,3847,88615,0.0028,2,8191,Healthy
58.5,69.5,45124,88679,0.0247,1,4842,Warning
38.5,74.1,23345,92706,0.0008,1,3818,Warning
36.9,25.9,3203,19369,0.047,0,7779,Healthy
45.8,34.4,41386,16271,0.0146,2,7125,Healthy
51.9,99.0,173,41560,0.0209,3,1781,Critical
43.6,37.4,49502,76382,0.0058,3,6786,Healthy
56.7,76.1,2597,21962,0.004,2,3844,Warning
50.3,45.3,29677,19932,0.0056,1,6719,Healthy
23.2,79.3,21112,13674,0.0053,4,3091,Warning
39.7,76.9,8587,83219,0.04,2,3580,Warning
39.4,66.8,49549,30197,0.031,0,5113,Warning
49.8,85.5,30123,53474,0.0383,2,2385,Warning
20.0,93.9,24977,6111,0.0266,3,2106,Warning
70.5,58.0,45667,22893,0.0206,2,4697,Warning
50.3,23.7,6617,91907,0.015,3,7581,Healthy
46.5,39.9,44684,5763,0.0062,2,6545,Healthy
56.8,75.8,46273,22454,0.0244,1,3375,Warning
68.4,65.1,41112,12496,0.0029,2,4382,Warning
53.7,17.8,5715,11305,0.0143,0,8623,Healthy
54.5,5.1,10568,75143,0.0043,3,9057,Healthy
46.3,68.3,10979,76503,0.0141,0,4764,Warning
43.6,25.1,32055,21524,0.007,3,7521,Healthy
40.2,50.0,13178,42107,0.0011,3,5478,Warning
36.7,74.7,4690,84715,0.014,4,3217,Warning
38.1,56.3,11010,78306,0.004,0,5401,Warning
31.5,8.3,44995,83851,0.0035,0,9424,Healthy
44.2,18.6,32076,87592,0.0097,2,7754,Healthy
28.2,21.9,21674,79923,0.009,3,7532,Healthy
46.9,25.8,40752,89961,0.0403,2,7498,Healthy
44.6,56.5,22816,12824,0.0166,2,4597,Warning
46.5,50.4,33530,1223,0.0386,1,5946,Warning
39.8,20.3,8299,58823,0.0032,2,7898,Healthy
75.8,6.8,33536,74311,0.0088,0,9418,Healthy
58.6,17.1,27840,13905,0.0162,1,8464,Healthy
32.6,98.4,9577,1865,0.0033,2,1381,Critical
47.3,46.9,260,58393,0.0027,4,5478,Warning
38.9,86.7,43458,46927,0.0217,1,2689,Warning
34.9,84.9,44305,27838,0.0212,1,3246,Warning
31.6,51.2,6560,69889,0.0053,2,5720,Warning
49.3,70.7,16501,5182,0.0052,3,3489,Warning
38.2,19.3,35401,71996,0.0274,2,8004,Healthy
54.7,68.8,22994,25227,0.0025,1,3932,Warning
54.9,27.2,37314,24573,0.0513,3,6936,Healthy
58.7,83.2,46027,87577,0.0576,3,2737,Warning
36.5,8.4,38422,20382,0.041,1,9333,Healthy
49.8,77.3,48136,48732,0.0047,3,3133,Warning
51.3,10.0,43377,60056,0.0003,2,8688,Healthy
40.3,88.1,3018,52637,0.0552,3,2518,Warning
37.3,30.4,46247,45554,0.0084,2,7289,Healthy
61.1,65.4,25729,67603,0.0074,0,4327,Warning
47.3,48.8,16799,25287,0.0061,5,5034,Warning
51.4,36.6,47000,89089,0.0056,0,6974,Healthy
36.8,64.5,7169,62681,0.0265,4,3873,Warning
32.8,94.8,41379,27255,0.0477,4,1416,Critical
39.3,4.1,39290,93835,0.0308,4,9007,Healthy
43.8,91.9,4627,37459,0.0224,4,1451,Critical
34.4,60.9,19199,75754,0.0068,0,5461,Warning
44.9,80.7,15722,89576,0.0158,2,3114,Warning
28.1,38.4,26381,91133,0.0054,1,6721,Healthy
33.8,47.2,39533,88937,0.0024,0,6743,Healthy
51.7,86.9,39975,94558,0.0026,0,3314,Warning
51.0,41.5,15631,38403,0.0185,2,6108,Healthy
41.1,53.5,5232,59546,0.0008,3,5192,Warning
34.8,2.0,29496,40019,0.0724,2,9202,Healthy
34.7,15.9,43339,12172,0.1079,1,8449,Healthy
41.3,64.2,41530,7674,0.0032,1,4363,Warning
51.4,71.7,27907,18603,0.0111,3,3586,Warning
54.3,58.3,39650,8561,0.0292,1,5213,Warning
40.0,14.3,27296,86434,0.0621,3,8123,Healthy
33.5,44.5,16093,98662,0.0444,2,5812,Warning
47.7,35.5,26058,13765,0.0059,1,7486,Healthy
36.8,49.6,47458,99682,0.0018,3,5381,Warning
39.8,87.0,39613,39540,0.0068,3,2177,Warning
58.3,77.6,38502,95508,0.0115,4,2926,Warning
53.3,8.4,45435,18493,0.0089,5,8324,Healthy
46.6,89.0,39128,58719,0.0297,2,2630,Warning
32.3,47.2,15045,72750,0.006,3,5677,Warning
47.1,74.4,17669,95803,0.0391,1,3795,Warning
55.6,14.0,23479,38377,0.0051,2,8546,Healthy
41.2,67.1,38977,84868,0.009,1,5085,Warning
58.5,23.6,22925,78785,0.0119,1,7658,Healthy
57.9,43.8,1015,81924,0.0069,1,6035,Healthy
61.6,1.7,23948,16520,0.0291,4,9429,Healthy
48.1,15.2,13769,35321,0.0105,6,7361,Healthy
50.9,9.2,9975,73799,0.0436,0,9072,Healthy
59.1,24.0,14953,46500,0.0663,2,7768,Healthy
49.5,10.0,2525,33351,0.0393,3,8399,Healthy
40.0,69.2,32540,16525,0.0148,2,4354,Warning
40.5,2.9,33293,92051,0.0143,4,8784,Healthy
47.4,61.8,34655,15931,0.0049,4,4087,Warning
32.1,14.1,35452,85088,0.0179,1,9124,Healthy
43.6,94.5,37516,43679,0.061,0,2314,Warning
56.0,93.3,16652,42158,0.0017,2,1769,Critical
23.1,22.6,33382,31492,0.0279,4,8097,Healthy
60.3,61.4,36303,46085,0.0407,1,4857,Warning
56.2,2.8,37393,65691,0.0864,2,9190,Healthy
40.4,93.2,19100,56901,0.0082,5,1338,Critical
50.4,52.3,30902,42558,0.0088,3,5294,Warning
45.0,4.3,10669,72608,0.0052,2,9324,Healthy
57.3,34.2,25366,57279,0.0311,1,7611,Healthy
54.8,7.7,3304,36162,0.003,1,9118,Healthy
31.0,39.3,7865,36685,0.0062,4,6337,Healthy
50.9,67.0,10796,82668,0.007,2,5119,Warning
42.9,47.0,25028,8310,0.0094,3,5774,Warning
45.8,38.4,49010,78710,0.011,0,6995,Healthy
37.7,11.9,14779,51542,0.0164,0,9125,Healthy
62.5,24.5,33985,73916,0.0593,0,8081,Healthy
55.4,10.0,34273,78686,0.0057,2,8705,Healthy
37.6,80.7,44999,35383,0.0302,1,2922,Warning
31.7,13.5,47965,39849,0.0226,0,9130,Healthy
41.1,59.5,38282,52715,0.0025,4,4351,Warning
49.3,34.3,39209,38919,0.0333,2,6748,Healthy
47.4,22.6,4274,67842,0.0019,2,7989,Healthy
57.5,63.9,17161,65306,0.0269,0,4767,Warning
52.9,45.7,41610,25371,0.0252,5,5721,Warning
54.7,40.0,25495,52346,0.0234,3,5806,Warning
48.3,59.3,313,49491,0.0065,3,4675,Warning
31.1,49.1,34534,47636,0.017,2,5354,Warning
43.0,30.3,13376,71529,0.0287,1,7050,Healthy
55.6,55.9,9185,33048,0.0203,3,4771,Warning
44.5,66.9,45136,5150,0.0326,3,4176,Warning
50.0,2.7,28581,57778,0.0233,3,9318,Healthy
41.8,46.6,31376,45335,0.0064,3,5980,Warning
34.7,5.8,24697,16725,0.0033,2,8741,Healthy
43.8,18.6,22344,45860,0.02,3,7738,Healthy
48.1,56.1,30701,66828,0.0285,1,5252,Warning
38.4,86.6,34129,95839,0.0031,0,3611,Warning
42.6,88.3,21364,53843,0.0038,5,1416,Critical
35.6,7.0,13990,99893,0.0002,1,9311,Healthy
56.2,41.9,46412,64508,0.0152,2,6201,Healthy
42.1,58.3,42952,58073,0.0156,4,3905,Warning
59.5,14.7,48007,52432,0.0139,1,8887,Healthy
60.3,76.5,21158,21381,0.0076,0,3616,Warning
44.2,74.4,16221,34057,0.0112,1,4209,Warning
34.9,90.3,38064,70230,0.0291,2,2094,Warning
24.1,0.8,37452,78594,0.004,0,9784,Healthy
30.3,21.7,5121,92410,0.0045,2,8229,Healthy
31.3,82.7,22714,61824,0.022,5,2160,Warning
58.8,67.1,43050,21341,0.0403,3,4166,Warning
46.2,89.4,45377,13975,0.0083,2,1888,Critical
48.9,5.7,43520,7171,0.054,7,8159,Healthy
22.8,59.7,2731,61084,0.0012,0,5371,Warning
33.0,56.9,6445,32264,0.0025,2,5367,Warning
53.9,3.6,40964,54287,0.0123,1,9556,Healthy
47.9,51.4,47774,6461,0.0257,2,5149,Warning
43.5,61.0,26944,56390,0.0093,0,4937,Warning
50.6,19.1,6400,64384,0.0162,2,7550,Healthy
61.4,27.3,38712,5655,0.0006,1,7433,Healthy
42.8,64.0,18660,99117,0.0124,1,4640,Warning
45.7,46.8,5462,66268,0.0056,2,5942,Warning
46.9,85.8,8197,61351,0.0145,0,2752,Warning
68.9,34.2,5699,9721,0.0149,0,7507,Healthy
24.0,26.7,25552,45066,0.028,2,7403,Healthy
51.8,98.5,47473,90269,0.0155,0,2370,Warning
43.9,91.1,4358,3211,0.0191,2,2812,Warning
50.7,2.9,25630,13031,0.0151,2,9165,Healthy
38.4,77.1,6740,10980,0.0929,3,3172,Warning
44.5,11.0,37156,41208,0.0314,4,8019,Healthy
52.1,2.7,17361,12691,0.0282,4,8790,Healthy
76.1,27.4,37927,60449,0.0197,2,7258,Healthy
53.1,26.9,15241,68158,0.015,0,7744,Healthy
36.5,81.9,26852,4279,0.0085,0,3409,Warning
40.8,71.1,23648,71690,0.0306,1,4416,Warning
40.5,98.2,35468,77205,0.0042,5,833,Critical
27.0,71.2,16002,67208,0.0007,3,3684,Warning
41.7,41.8,27783,7817,0.024,3,6232,Healthy
52.3,69.9,18892,57396,0.0031,3,4172,Warning
32.3,99.9,37728,659,0.0468,1,1365,Critical
55.5,71.0,43033,57615,0.0295,3,3889,Warning
49.9,76.2,2434,68165,0.0184,2,3271,Warning
37.7,93.8,867,19962,0.0075,1,2389,Warning
43.6,11.4,31744,84649,0.0203,2,8652,Healthy
61.0,70.5,27092,3417,0.013,0,4407,Warning
52.3,85.1,29670,19897,0.0069,3,2739,Warning
45.1,95.4,11837,26625,0.058,0,2050,Warning
42.6,21.1,13472,72362,0.0035,1,8209,Healthy
45.8,50.4,26985,61229,0.028,0,6150,Healthy
39.9,68.1,20690,47777,0.0322,4,3596,Warning
24.0,24.7,39953,14849,0.0606,1,7446,Healthy
65.4,60.0,844,61215,0.0159,0,4615,Warning
46.6,25.8,27258,35228,0.0153,0,7848,Healthy
49.0,33.3,20658,31292,0.0506,2,7235,Healthy
44.4,44.2,32359,8402,0.0323,1,6116,Healthy
37.6,52.9,21550,80069,0.0288,2,5390,Warning
43.1,44.9,37029,35658,0.0311,1,6251,Healthy
29.0,49.3,46689,4417,0.0136,2,6070,Healthy
67.8,29.9,9686,94447,0.0008,3,6386,Healthy
32.7,15.9,386,80242,0.0044,3,8407,Healthy
34.7,4.7,3347,13120,0.0206,4,8807,Healthy
40.6,19.6,32074,77858,0.0101,2,8300,Healthy
57.9,58.2,43662,74390,0.0187,4,4750,Warning
45.1,78.6,5199,25191,0.016,3,2929,Warning
32.6,16.9,16487,89990,0.0115,1,8873,Healthy
57.5,10.9,48929,71234,0.0054,3,9048,Healthy
52.3,74.9,22419,26546,0.0254,1,4135,Warning
50.4,30.5,511,22886,0.0479,4,7317,Healthy
52.2,95.1,20829,11771,0.0294,3,1701,Critical
68.9,71.4,20211,22026,0.0026,1,3821,Warning
66.9,32.7,46666,44298,0.0154,1,7386,Healthy
38.1,29.0,15804,25757,0.0361,2,7340,Healthy
61.2,52.4,10209,58485,0.0179,1,5764,Warning
48.8,7.9,1456,53630,0.0116,2,8786,Healthy
50.0,11.8,31272,74896,0.0067,0,9605,Healthy
28.1,17.6,8449,27145,0.008,0,8641,Healthy
43.3,77.5,18084,24689,0.0055,1,3251,Warning
36.9,51.4,27560,81798,0.0044,2,5537,Warning
53.3,1.1,38574,1468,0.0178,0,10000,Healthy
55.7,67.4,44549,6300,0.0142,0,4328,Warning
24.3,42.4,7296,24729,0.0265,2,6350,Healthy
44.8,51.1,21557,59024,0.0074,1,5748,Warning
56.2,21.4,13649,97085,0.0124,4,7153,Healthy
43.1,55.2,49404,30217,0.0228,2,4964,Warning
52.3,97.9,9921,87803,0.0661,4,1345,Critical
48.5,7.3,35664,73506,0.0086,0,9418,Healthy
48.4,28.4,11173,63738,0.0071,4,6385,Healthy
42.3,24.3,7382,5319,0.0119,0,8183,Healthy
32.8,24.9,39819,57284,0.0257,4,7249,Healthy
33.8,37.9,19289,87675,0.0652,3,6539,Healthy
52.1,81.8,36948,70336,0.0154,0,3593,Warning
45.2,91.3,44530,47435,0.0335,2,2176,Warning
43.6,20.2,9347,48929,0.0125,1,8187,Healthy
40.8,54.3,10871,89829,0.0008,1,6184,Healthy
41.9,63.7,43825,77107,0.0449,4,3825,Warning
55.5,52.2,22334,4498,0.0068,5,4715,Warning
41.6,43.4,23846,42250,0.003,2,5892,Warning
31.6,19.2,34196,5680,0.1113,3,7402,Healthy
52.4,48.8,12336,78788,0.0085,1,5767,Warning
43.0,40.1,36021,31013,0.0029,4,5928,Warning
45.3,79.6,24676,18379,0.0075,1,3190,Warning
61.1,76.4,266,90398,0.0144,0,4643,Warning
44.8,13.4,14752,62333,0.0018,2,8500,Healthy
47.9,8.9,19738,14816,0.0087,1,8793,Healthy
33.2,90.8,21544,93680,0.0221,1,2777,Warning
42.8,53.6,15333,76935,0.0495,3,4783,Warning
51.1,85.8,1985,25025,0.0101,1,2877,Warning
29.4,5.8,30464,5878,0.0166,1,8821,Healthy
47.0,52.7,14808,49169,0.0202,1,5769,Warning
46.0,53.9,40397,3077,0.0015,1,5677,Warning
45.4,86.1,33767,22190,0.0084,4,2472,Warning
55.4,9.8,35116,59014,0.0231,2,9017,Healthy
48.3,24.0,44323,81677,0.0266,1,7764,Healthy
59.8,40.7,3512,61462,0.0088,2,6567,Healthy
35.1,86.6,11869,69695,0.0001,3,3124,Warning
46.4,93.9,16047,77883,0.0001,1,2405,Warning
45.8,99.3,43247,87788,0.0154,1,1847,Critical
34.3,95.9,6549,82476,0.016,1,1685,Critical
54.6,0.6,42279,76120,0.0162,2,9620,Healthy
68.2,4.8,36000,73508,0.0256,3,8709,Healthy
44.8,14.8,41023,19453,0.0508,0,8771,Healthy
50.1,34.9,8236,63688,0.0924,4,6037,Healthy
45.8,83.0,33227,86500,0.0242,1,2839,Warning
37.9,89.3,6550,62300,0.0144,3,2215,Warning
26.8,18.7,43099,88797,0.003,1,8864,Healthy
37.9,62.0,24131,84368,0.0097,2,4441,Warning
31.1,91.7,31152,82642,0.017,2,1939,Critical
62.0,46.4,11446,43099,0.1712,1,6607,Healthy
43.8,10.4,14952,95034,0.0027,0,9009,Healthy
41.5,45.8,49982,38485,0.0315,3,5657,Warning
53.9,37.6,7167,14037,0.137,2,6423,Healthy
33.8,57.8,31585,43217,0.0327,1,5301,Warning
37.3,43.9,9789,9527,0.0291,2,5756,Warning
45.7,1.7,17901,3036,0.006,3,9187,Healthy
55.3,99.4,40635,3025,0.0001,3,1568,Critical
50.0,54.4,24372,9676,0.0051,2,5255,Warning
47.5,47.4,3863,83777,0.0312,2,5529,Warning
45.8,95.5,39796,70923,0.0023,3,1429,Critical
49.0,15.6,30175,90142,0.007,2,8501,Healthy
47.0,18.9,28792,80883,0.0165,3,7758,Healthy
34.7,80.8,26649,77288,0.0173,2,3512,Warning
45.5,26.1,978,70513,0.0157,0,7868,Healthy
34.3,79.9,28948,18255,0.0791,1,3462,Warning
45.8,27.2,30841,20108,0.0002,2,7618,Healthy
40.2,3.3,19368,60343,0.0134,2,9452,Healthy
70.4,51.7,10887,53013,0.014,4,4812,Warning
44.6,19.7,41720,82131,0.0069,1,8476,Healthy
31.0,75.8,31771,72140,0.0149,1,3954,Warning
43.7,64.1,11436,99946,0.0224,2,4262,Warning
50.2,92.4,27838,21193,0.0223,0,2452,Warning
61.7,78.3,13587,58408,0.0018,3,3202,Warning
39.1,18.1,40239,95439,0.0324,5,7695,Healthy
29.2,80.0,34137,13226,0.0534,0,3423,Warning
53.2,64.2,12998,7398,0.0026,0,4936,Warning
31.2,66.9,17778,84008,0.0108,2,4038,Warning
40.6,83.2,43151,45445,0.0143,2,2887,Warning
42.4,57.4,18241,46184,0.0029,1,5163,Warning
44.3,46.6,10256,45374,0.014,5,5900,Warning
51.9,63.7,24260,78718,0.0046,2,4774,Warning
38.2,29.8,12935,70378,0.0548,3,6929,Healthy
42.3,18.3,9483,48508,0.0119,3,7965,Healthy
44.9,61.7,39446,3862,0.1056,1,4613,Warning
46.5,23.4,24664,80619,0.001,4,7250,Healthy
46.0,8.0,42113,34904,0.0027,2,8979,Healthy
49.4,0.1,19325,11604,0.0117,2,9434,Healthy
53.4,60.8,38584,26548,0.0415,3,4616,Warning
48.9,36.2,20046,18128,0.0162,4,6417,Healthy
49.5,75.2,28380,77965,0.0264,4,3869,Warning
29.2,37.5,42882,92710,0.011,3,5705,Warning
45.5,48.6,26395,13768,0.0008,2,5626,Warning
49.8,40.7,32800,87726,0.0209,2,6099,Healthy
52.3,65.1,47988,96256,0.0201,1,3803,Warning
38.1,35.6,35636,65234,0.0015,1,7059,Healthy
38.4,96.4,32709,11204,0.0037,1,2035,Warning
39.3,93.6,48609,70550,0.0129,1,2513,Warning
50.4,84.8,9851,25334,0.0118,2,3042,Warning
55.3,92.0,9028,48808,0.0279,2,1938,Critical
40.9,44.9,6242,84778,0.0098,0,6273,Healthy
54.1,53.6,46055,96928,0.0218,1,5880,Warning
46.2,74.2,16357,61237,0.0244,1,3271,Warning
43.8,69.6,22750,61622,0.0207,2,3878,Warning
42.9,89.1,38281,94023,0.0181,1,2656,Warning
52.5,71.6,23312,38883,0.0328,2,3647,Warning
48.3,99.8,2290,50920,0.0214,0,1899,Critical
67.8,34.9,1102,15340,0.0359,5,6575,Healthy
36.5,83.3,44045,25271,0.0202,1,3424,Warning
50.2,69.8,42982,29233,0.0035,1,3822,Warning
39.7,69.1,23138,19980,0.0074,5,3721,Warning
36.3,32.6,8194,86055,0.008,1,7234,Healthy
44.9,78.6,22551,17445,0.002,1,3743,Warning
46.4,90.0,3852,12141,0.0236,6,1943,Critical
74.2,21.9,20621,15732,0.0181,2,7947,Healthy
43.2,62.5,27868,44826,0.0178,1,5301,Warning
33.7,39.2,28510,77351,0.013,3,6674,Healthy
47.7,99.0,37306,44351,0.0157,1,2319,Warning
24.3,47.9,4527,25115,0.0002,0,6116,Healthy
44.1,22.8,5656,23755,0.002,2,7841,Healthy
45.2,38.2,41400,31209,0.023,0,6898,Healthy
52.9,65.4,18872,56673,0.0061,3,3954,Warning
54.7,7.6,28163,88391,0.0023,2,9310,Healthy
40.0,60.4,39860,57528,0.008,0,5355,Warning
43.5,93.1,22809,91399,0.0059,2,1973,Critical
37.3,85.0,15419,10568,0.0006,0,3303,Warning
33.7,6.8,5483,42589,0.0106,3,8448,Healthy
48.1,99.3,1333,46332,0.0005,4,438,Critical
32.3,69.9,27246,7322,0.0,6,3294,Warning
40.9,16.2,24813,21393,0.0314,2,8787,Healthy
35.0,1.2,48445,78533,0.0076,3,9104,Healthy
50.5,17.1,43858,97837,0.0168,2,8145,Healthy
63.0,83.8,14889,14751,0.0071,1,2830,Warning
32.0,2.2,3030,88606,0.0532,4,8961,Healthy
26.5,23.3,12212,43645,0.0261,3,7394,Healthy
43.8,75.7,12474,85980,0.0092,3,3320,Warning
45.2,58.6,31112,71715,0.0047,3,4397,Warning
47.2,78.3,18623,52337,0.003,1,3464,Warning
40.5,74.6,24883,39880,0.0287,1,3547,Warning
43.0,5.1,15663,21705,0.0121,1,8742,Healthy
48.7,89.3,43293,82308,0.0053,1,2872,Warning
55.4,22.7,10142,57459,0.0504,0,8211,Healthy
25.4,55.3,43263,67448,0.0099,1,5376,Warning
41.3,64.4,22920,68285,0.0157,4,4149,Warning
47.1,16.9,31352,68275,0.039,5,7145,Healthy
35.8,97.6,2308,53854,0.0358,3,1967,Critical
62.3,48.8,40421,78650,0.0203,1,5836,Warning
38.6,5.8,13896,89313,0.0439,1,9610,Healthy
44.6,93.7,38490,74871,0.0608,3,1418,Critical
50.6,58.6,25526,29528,0.0547,1,4951,Warning
39.1,69.9,22770,64582,0.0086,2,4523,Warning
26.5,52.5,24420,60392,0.0101,4,5214,Warning
40.7,83.5,20174,15303,0.0055,0,2902,Warning
55.3,3.3,28031,78831,0.0363,3,9265,Healthy
41.6,26.8,19093,16153,0.0026,2,7259,Healthy
36.5,47.0,33091,21174,0.0088,2,5487,Warning
54.3,7.7,15103,86562,0.0002,2,8798,Healthy
41.7,70.6,47596,42845,0.0181,2,3978,Warning
39.9,39.4,14843,40420,0.0215,4,6064,Healthy
46.5,27.3,14107,33114,0.0057,1,7353,Healthy
52.7,0.3,24400,19468,0.0267,1,9696,Healthy
68.8,72.0,45452,84021,0.0096,2,3526,Warning
53.3,83.4,41382,55350,0.0075,3,2685,Warning
56.6,39.5,16275,62648,0.0625,1,6694,Healthy
39.9,56.4,6073,61161,0.0178,4,4180,Warning
34.7,22.8,9803,17691,0.0058,1,7600,Healthy
45.6,62.2,32413,97944,0.0818,6,3548,Warning
46.1,1.2,18570,60110,0.0098,1,9850,Healthy
34.2,48.9,29276,45752,0.0209,2,5321,Warning
43.2,64.4,23380,95108,0.0257,0,5050,Warning
49.0,91.8,23967,12593,0.011,3,1689,Critical
48.6,38.1,40531,74201,0.0154,1,6440,Healthy
50.0,76.5,21945,86591,0.0055,2,3342,Warning
47.9,59.8,16341,26525,0.0125,1,4833,Warning
39.9,92.7,35155,78610,0.0074,0,2333,Warning
39.9,39.8,8978,34836,0.0159,2,5990,Warning
33.0,31.9,10309,91934,0.0222,1,6746,Healthy
62.8,88.7,28599,25936,0.019,2,2720,Warning
45.1,4.9,37703,43190,0.03,3,8976,Healthy
42.8,13.6,35402,88857,0.0008,3,8804,Healthy
35.7,8.2,11104,70940,0.0016,5,8327,Healthy
74.4,84.3,30687,28594,0.0046,2,2969,Warning
34.3,1.1,33490,63899,0.0851,3,9646,Healthy
40.7,86.2,28500,5009,0.0322,3,2644,Warning
49.2,45.1,11075,70562,0.0516,2,5833,Warning
51.0,0.4,12685,39177,0.0064,0,9798,Healthy
54.6,40.2,6976,55001,0.0171,5,5874,Warning
63.1,18.7,48204,36435,0.0162,3,8036,Healthy
50.1,62.4,13699,76146,0.0169,3,4511,Warning
34.4,67.9,25339,67550,0.0253,1,4289,Warning
42.4,48.8,44006,18295,0.01,1,5760,Warning
48.1,4.1,20478,93648,0.0226,2,9396,Healthy
65.7,65.6,26668,40992,0.0311,1,4482,Warning
31.0,84.2,31610,4667,0.0068,3,2248,Warning
57.0,72.0,35562,83442,0.0583,0,3963,Warning
46.8,83.0,20788,95239,0.0146,1,2823,Warning
53.4,20.1,21896,52410,0.0264,6,7283,Healthy
44.0,88.9,41578,95284,0.0261,1,2445,Warning
36.6,32.2,30896,9804,0.0167,3,7464,Healthy
52.5,1.3,20917,59789,0.0078,3,9449,Healthy
51.5,84.3,10161,5308,0.022,0,3711,Warning
54.7,94.2,24501,94491,0.0018,1,2753,Warning
44.9,65.6,3910,74869,0.0797,1,4373,Warning
39.0,23.1,33780,32397,0.0041,3,7877,Healthy
29.4,25.2,23926,76465,0.0064,3,7409,Healthy
53.2,46.7,5002,5407,0.0618,1,6364,Healthy
49.2,89.8,19712,77714,0.0041,5,1393,Critical
35.3,15.0,49823,69261,0.0037,0,8904,Healthy
39.6,82.6,10763,1514,0.0326,0,3472,Warning
40.3,29.1,14067,72804,0.0058,0,8082,Healthy
30.2,80.9,47876,68057,0.002,0,3195,Warning
36.8,92.0,40636,52328,0.0051,4,1755,Critical
33.7,42.7,5235,59384,0.0439,3,6008,Healthy
40.9,36.5,14172,74898,0.0066,2,6801,Healthy
37.6,80.2,41157,68620,0.0238,2,3725,Warning
28.7,52.9,20517,5442,0.0101,4,5042,Warning
65.2,68.4,6543,63181,0.0061,1,4463,Warning
57.5,62.3,37710,7870,0.0031,4,4490,Warning
37.2,15.3,22025,44632,0.0716,1,8565,Healthy
47.7,84.5,30102,14172,0.0147,0,3025,Warning
49.2,19.6,36895,53434,0.0024,0,8203,Healthy
56.9,93.2,31093,56709,0.0044,1,2574,Warning
36.8,25.1,360,74405,0.0105,3,7336,Healthy
55.9,73.4,9227,8967,0.0157,3,3192,Warning
39.5,28.5,49583,27435,0.004,5,6417,Healthy
31.6,31.8,37078,47221,0.0065,2,7071,Healthy
52.2,31.0,24943,85901,0.0306,0,7661,Healthy
57.9,74.8,32940,62730,0.0108,2,3857,Warning
70.9,55.7,37979,12051,0.0,2,5217,Warning
33.0,88.3,3021,55424,0.0011,0,2521,Warning
52.0,30.7,43513,49152,0.0116,2,6934,Healthy
40.9,69.2,3988,42884,0.0012,3,3291,Warning
52.8,75.3,277,54988,0.0038,0,4424,Warning
30.3,15.1,7526,97453,0.026,0,8151,Healthy
32.4,40.1,4595,49097,0.0131,1,6681,Healthy
37.2,48.3,33137,53774,0.0132,1,6178,Healthy
45.8,35.6,10147,8397,0.0182,4,6560,Healthy
38.6,32.2,18139,68505,0.0311,4,7177,Healthy
51.6,68.6,35401,93697,0.0035,3,3652,Warning
55.3,21.6,48807,48104,0.0038,1,7930,Healthy
51.0,70.9,45214,98433,0.0026,2,3336,Warning
61.2,93.5,21466,40319,0.0552,1,2306,Warning
49.2,56.5,20845,87863,0.0172,2,4799,Warning
32.8,61.1,43182,10282,0.0019,2,4937,Warning
58.6,6.9,11453,30898,0.005,3,8626,Healthy
38.9,86.4,25180,54032,0.0259,0,3159,Warning
54.1,28.5,18888,26188,0.0006,2,7824,Healthy
60.7,61.5,35069,26144,0.0259,0,4823,Warning
49.6,97.9,5759,82039,0.0485,2,2124,Warning
30.0,59.6,34021,40933,0.0012,1,4496,Warning
35.8,72.5,4261,20533,0.0041,4,3524,Warning
58.2,44.5,15603,51466,0.0,3,5963,Warning
43.3,6.0,27103,4407,0.0023,1,9217,Healthy
45.8,79.8,25082,36999,0.0192,1,3620,Warning
52.6,3.5,3578,92804,0.0009,3,9209,Healthy
52.0,70.1,28720,81319,0.0111,1,4290,Warning
47.8,2.3,49528,73721,0.014,0,9621,Healthy
42.9,86.2,35229,8773,0.0474,1,2742,Warning
41.9,15.8,27272,62919,0.0129,2,8613,Healthy
53.6,51.4,10260,45166,0.0031,1,5392,Warning
50.5,59.7,35314,13978,0.0068,5,4047,Warning
42.4,45.8,12031,96480,0.0223,2,5485,Warning
55.8,34.1,31270,77404,0.0024,2,6850,Healthy
43.7,46.8,31290,76053,0.0053,0,6867,Healthy
36.5,31.1,7701,96715,0.1093,4,6744,Healthy
37.4,43.8,37919,8773,0.0001,2,5723,Warning
35.2,35.9,3617,49745,0.0033,2,7151,Healthy
42.3,56.6,4902,90606,0.0371,3,4521,Warning
57.3,23.8,45258,46900,0.0021,2,7967,Healthy
36.9,98.9,18859,99146,0.0007,3,1469,Critical
46.9,50.1,7950,40208,0.0026,4,5335,Warning
38.4,19.4,6844,33052,0.0237,2,8361,Healthy
42.4,47.7,22873,52060,0.0996,2,5234,Warning
29.9,86.6,48285,26930,0.0179,3,2352,Warning
42.8,2.2,6348,29075,0.0027,1,9877,Healthy
43.1,68.0,48296,58933,0.0041,3,3900,Warning
50.4,54.8,7236,50275,0.0154,5,4425,Warning
47.2,17.0,42385,99671,0.0252,0,8577,Healthy
33.0,81.7,11900,43936,0.0217,2,2875,Warning
55.8,36.9,13517,53124,0.0171,4,6112,Healthy
47.1,29.4,25405,33438,0.0858,1,7785,Healthy
47.0,82.8,36835,26858,0.0044,2,2854,Warning
44.9,63.9,45229,9269,0.0038,2,4898,Warning
39.8,89.8,37819,74295,0.0392,2,2696,Warning
47.2,63.0,4102,95765,0.0069,3,4501,Warning
49.8,74.1,2432,74228,0.0081,1,3696,Warning
27.5,83.6,26249,17785,0.0159,4,2568,Warning
39.6,5.5,44328,22787,0.0096,3,8978,Healthy
42.5,77.6,4475,47861,0.0068,0,3618,Warning
47.6,61.4,29558,46305,0.0498,1,4875,Warning
56.9,7.0,33553,31847,0.0028,1,9098,Healthy
37.3,50.9,20372,9486,0.0104,2,6077,Healthy
40.0,8.2,17452,2566,0.0001,3,8405,Healthy
39.9,73.6,2133,43279,0.0329,4,3488,Warning
37.0,54.7,39943,96790,0.0037,1,5434,Warning
41.5,95.4,21745,58214,0.0297,2,2168,Warning
52.7,18.3,25443,84958,0.0032,1,8585,Healthy
34.5,60.6,47515,56612,0.0108,2,5084,Warning
49.3,21.2,745,59532,0.0261,0,8167,Healthy
28.0,61.4,31875,95464,0.0063,5,3636,Warning
39.4,72.3,4221,20205,0.0075,0,5004,Warning
41.7,72.2,8212,24604,0.022,1,3909,Warning
61.7,81.5,9371,96068,0.0042,1,2830,Warning
42.3,85.4,39304,76956,0.0606,2,2808,Warning
23.0,7.7,25312,42625,0.0042,1,9137,Healthy
25.0,34.3,45385,59352,0.0277,1,7267,Healthy
45.3,68.7,10392,80459,0.0325,1,4256,Warning
51.1,49.9,23581,37826,0.0094,0,6395,Healthy
48.8,19.1,41160,98726,0.0034,3,7796,Healthy
46.7,55.3,38454,46036,0.0036,2,4799,Warning
56.6,40.7,28593,54570,0.0846,2,6445,Healthy
39.6,39.0,29575,25599,0.0258,4,5707,Warning
53.9,81.0,968,33506,0.012,5,2551,Warning
28.7,40.8,47470,25310,0.006,1,6865,Healthy
36.0,2.6,38782,88750,0.0004,0,9598,Healthy
26.9,5.8,8313,98394,0.0222,3,9100,Healthy
42.3,85.6,22839,98069,0.0629,5,2177,Warning
44.5,96.1,2003,7888,0.0023,3,1548,Critical
46.1,68.8,35444,92131,0.0281,2,4499,Warning
45.6,36.4,47591,59747,0.0033,1,7069,Healthy
35.7,93.9,36977,76462,0.0314,4,2055,Warning
43.1,66.3,21098,73653,0.0093,4,3669,Warning
30.0,84.4,18419,41350,0.0249,1,3065,Warning
58.6,76.6,33483,79958,0.0522,3,3549,Warning
42.0,37.9,21541,26011,0.0194,1,6783,Healthy
40.1,47.9,10742,59112,0.0507,1,6448,Healthy
60.9,18.6,11876,39724,0.0054,1,8142,Healthy
32.6,29.2,24962,25894,0.0765,2,7211,Healthy
33.7,77.8,31203,94179,0.0412,1,3808,Warning
34.0,89.4,11610,53769,0.0023,3,2386,Warning
44.3,72.4,34791,59959,0.0107,1,4098,Warning
49.3,46.5,13502,68475,0.0524,1,6148,Healthy
52.4,8.7,6555,93999,0.0016,2,8342,Healthy
70.7,5.7,40472,10519,0.0121,2,9085,Healthy
22.5,37.4,41020,22970,0.0257,3,6471,Healthy
51.1,46.4,2873,54476,0.0007,3,5813,Warning
39.4,60.9,43150,93227,0.028,2,4439,Warning
39.1,0.6,27477,48503,0.009,2,9629,Healthy
38.8,99.0,9876,92385,0.0057,3,1619,Critical
35.9,36.4,32159,74427,0.0172,6,5953,Warning
61.8,84.8,29505,30158,0.0157,2,2805,Warning
53.4,53.5,243,74405,0.0414,2,5022,Warning
45.2,13.0,25798,75158,0.0225,1,8520,Healthy
58.5,79.8,17183,12428,0.011,2,3308,Warning
29.9,71.0,45269,35304,0.021,3,3081,Warning
31.7,52.7,22802,51743,0.0277,2,5694,Warning
23.2,51.5,33138,38818,0.0554,3,5111,Warning
38.0,8.7,41122,48312,0.0244,4,8597,Healthy
46.6,65.6,1107,45548,0.0157,1,4896,Warning
46.0,91.1,27519,43375,0.0093,2,1942,Critical
46.5,9.3,46583,25091,0.0444,2,8940,Healthy
30.9,26.4,43332,14391,0.0315,2,7390,Healthy
53.0,90.2,10274,8221,0.0016,4,1472,Critical
47.4,28.4,30980,84577,0.024,3,7565,Healthy
52.3,65.4,7303,26652,0.0155,1,4270,Warning
26.1,53.5,36592,49957,0.0022,5,5095,Warning
48.1,59.6,29089,73159,0.0166,3,4275,Warning
33.1,41.6,27431,71848,0.0043,6,5030,Warning
41.0,30.0,44794,36612,0.0246,4,6415,Healthy
50.3,4.9,23083,21340,0.0065,0,9286,Healthy
45.9,74.4,29835,1708,0.0033,1,3565,Warning
36.5,74.6,40785,18742,0.0017,2,3865,Warning
45.1,67.1,20993,85123,0.0135,1,5058,Warning
29.7,64.4,15839,2471,0.0045,2,4874,Warning
56.5,24.4,30017,30295,0.0386,0,8024,Healthy
42.9,2.2,20804,99917,0.0001,2,9347,Healthy
56.2,80.9,30252,1483,0.0371,4,2613,Warning
39.7,49.1,47483,95977,0.0147,2,4995,Warning
39.8,30.7,38340,12002,0.0511,1,7353,Healthy
37.4,10.2,7306,29077,0.0046,1,9140,Healthy
53.8,6.3,23356,10854,0.0022,2,8822,Healthy
37.9,34.9,24407,68163,0.0196,2,6358,Healthy
51.4,80.5,4816,86059,0.0245,0,3532,Warning
41.2,91.9,35488,94886,0.0093,1,2712,Warning
25.2,89.7,19020,24360,0.0003,3,1939,Critical
39.3,92.0,37971,33828,0.0104,2,1910,Critical
33.2,90.8,43028,72688,0.0053,5,1547,Critical
45.3,52.7,23564,97015,0.0085,3,5310,Warning
33.1,21.9,38185,43269,0.0141,2,7609,Healthy
54.3,79.8,13687,21271,0.0242,2,3652,Warning
44.1,21.4,1295,52584,0.0661,2,7689,Healthy
43.2,26.7,25183,41750,0.0031,0,7693,Healthy
51.6,23.3,49656,48367,0.0228,3,7530,Healthy
54.6,51.5,22538,78917,0.0053,3,5573,Warning
44.8,32.2,20109,51080,0.005,1,7400,Healthy
37.3,15.4,40736,17831,0.0201,3,7592,Healthy
27.3,45.3,35687,76755,0.0299,3,5897,Warning
38.1,87.4,21243,9072,0.0761,3,2635,Warning
38.8,57.1,13796,10396,0.0293,4,4936,Warning
46.1,87.8,7664,33577,0.0034,3,2818,Warning
41.5,19.6,3737,85834,0.0051,3,8503,Healthy
51.9,16.7,34741,71825,0.0287,1,8465,Healthy
38.9,57.6,17890,75726,0.015,2,4881,Warning
44.4,46.3,28259,46721,0.007,4,5243,Warning
56.8,66.0,5614,42120,0.0128,2,3949,Warning
48.4,79.5,34445,85867,0.0493,3,2857,Warning
44.4,75.1,21863,92109,0.0282,2,3405,Warning
39.0,94.2,12668,10764,0.012,0,2132,Warning
38.7,39.8,28103,16549,0.0788,1,6602,Healthy
36.5,20.6,5411,77664,0.0317,2,7902,Healthy
39.6,55.1,41696,68178,0.0001,1,5416,Warning
52.6,11.1,38415,80879,0.0024,0,8817,Healthy
42.8,28.9,17291,29736,0.0161,1,7604,Healthy
31.5,20.8,21008,21623,0.0086,1,7930,Healthy
62.7,39.7,1515,26507,0.0335,2,6836,Healthy
48.2,11.1,40376,80861,0.0452,5,7406,Healthy
30.9,3.2,47750,10642,0.0055,0,9570,Healthy
40.6,65.7,18933,28998,0.0288,2,4464,Warning
46.1,61.0,15506,33726,0.0153,2,4309,Warning
62.0,70.8,29436,40848,0.01,3,4118,Warning
33.9,66.0,29521,28024,0.0309,2,4592,Warning
54.8,11.4,36364,49989,0.0166,3,8978,Healthy
59.0,29.1,11880,15798,0.0202,1,7836,Healthy
38.7,13.0,39971,12635,0.0013,0,9181,Healthy
42.2,84.3,12321,73416,0.0176,1,3080,Warning
34.6,74.7,21216,92625,0.0072,3,3056,Warning
43.0,20.2,39890,98502,0.0136,4,7979,Healthy
44.6,34.1,40363,37288,0.005,1,6869,Healthy
51.6,96.7,14522,25420,0.0191,1,1981,Critical
55.9,59.4,41574,62515,0.0032,2,4725,Warning
37.5,80.1,21583,63510,0.0026,1,3224,Warning
25.3,26.5,40200,6143,0.0042,0,8224,Healthy
44.8,21.0,5516,50594,0.034,2,8157,Healthy
47.9,78.4,15351,17229,0.0007,1,3683,Warning
47.5,68.6,27174,53546,0.0262,1,4289,Warning
41.7,68.1,46640,61539,0.0012,0,4040,Warning
46.2,55.3,12264,41784,0.0179,1,5339,Warning
60.2,56.4,2568,72646,0.0297,2,5462,Warning
48.8,73.6,43755,84558,0.0053,4,3161,Warning
41.3,27.0,2127,86809,0.0044,4,6867,Healthy
40.0,35.3,23655,12304,0.0068,2,7028,Healthy
43.3,87.2,12044,58367,0.0241,2,2594,Warning
61.4,30.9,415,8316,0.0059,2,7494,Healthy
43.2,54.6,14233,27973,0.0139,1,5154,Warning
44.8,70.3,36857,12432,0.0029,2,4036,Warning
40.2,100.0,33398,49910,0.0124,3,1486,Critical
56.0,43.5,24368,83530,0.0196,2,6073,Healthy
64.6,42.8,43462,24209,0.0015,4,6177,Healthy
49.5,84.3,4857,96225,0.0338,1,3038,Warning
45.8,80.6,40740,96941,0.0554,2,3307,Warning
45.4,73.1,48366,6987,0.0043,2,3726,Warning
21.2,46.3,30067,17704,0.0285,2,5860,Warning
52.5,32.4,25895,6488,0.0075,3,6908,Healthy
46.3,60.9,28898,27864,0.0226,1,4628,Warning
49.3,87.6,42826,38903,0.0073,1,2607,Warning
37.9,88.4,33935,21548,0.0397,3,2252,Warning
41.2,10.8,31561,7593,0.0085,1,8938,Healthy
40.9,42.8,33595,83983,0.0378,2,6131,Healthy
55.2,46.5,16727,96771,0.0291,2,5331,Warning
41.2,97.8,26461,29696,0.0044,3,1878,Critical
65.8,67.8,811,23227,0.0034,7,3157,Warning
49.3,40.7,11185,42667,0.0303,5,5320,Warning
32.2,2.6,27826,25384,0.0099,2,9262,Healthy
43.7,56.5,8024,35107,0.0597,1,5692,Warning
38.5,9.6,15649,73711,0.0573,2,8579,Healthy
23.1,83.4,8562,44812,0.0236,1,3693,Warning
61.0,75.3,42857,41269,0.0139,1,3641,Warning
52.0,46.1,2660,10075,0.0043,1,6581,Healthy
50.3,42.9,21623,35574,0.0428,3,6311,Healthy
46.7,89.7,20044,91792,0.0017,3,2263,Warning
31.2,28.8,2277,11164,0.0093,0,7308,Healthy
40.2,24.9,20198,81150,0.0077,2,7342,Healthy
53.4,93.9,35946,87560,0.0636,3,1742,Critical
34.5,80.9,27575,77195,0.0025,3,3027,Warning
20.0,82.1,42836,13799,0.0442,2,2726,Warning
42.7,19.5,32547,28532,0.0122,2,7530,Healthy
43.6,14.3,21516,41897,0.001,1,8643,Healthy
46.4,2.6,14220,66491,0.0261,4,8687,Healthy
52.3,23.7,3048,56419,0.0021,1,7680,Healthy
51.4,77.4,2620,58947,0.0054,1,3399,Warning
47.6,24.0,7369,65998,0.0322,0,8068,Healthy
57.0,72.9,27061,45072,0.0034,2,3956,Warning
29.8,25.2,13436,70774,0.0079,1,8214,Healthy
50.0,39.5,45298,98302,0.009,1,6238,Healthy
51.3,98.3,14120,17275,0.0178,3,1357,Critical
32.6,24.5,27380,35889,0.0312,2,7791,Healthy
30.0,37.6,43578,81754,0.0052,4,6198,Healthy
37.5,30.1,16846,6676,0.0046,0,7278,Healthy
38.4,11.0,2356,48763,0.005,2,9009,Healthy
52.5,49.0,40220,9612,0.0096,1,5880,Warning
38.9,37.9,27812,88139,0.0153,3,6865,Healthy
36.4,69.5,12936,27533,0.0003,1,4280,Warning
38.9,81.8,25811,20484,0.0303,2,2877,Warning
56.2,54.4,4458,32242,0.0523,2,5047,Warning
45.1,3.2,11439,70544,0.0371,1,9074,Healthy
43.2,61.9,32139,39710,0.0008,1,5275,Warning
43.9,5.5,21345,57306,0.0149,3,8911,Healthy
57.9,61.6,47351,59632,0.0336,2,4092,Warning
37.5,68.5,17359,72252,0.0084,1,4584,Warning
58.2,19.8,7229,24769,0.0455,2,7648,Healthy
47.1,81.9,48889,66296,0.0436,1,3367,Warning
43.4,91.1,42212,7333,0.0031,1,2362,Warning
70.0,81.3,40673,10027,0.0136,2,3240,Warning
34.4,30.5,41688,6444,0.0005,0,7139,Healthy
41.5,58.7,11311,23018,0.0066,4,4584,Warning
32.7,91.5,30297,89295,0.0334,4,1609,Critical
54.5,32.1,15728,95896,0.0739,1,6623,Healthy
61.9,82.0,26400,97595,0.0489,3,2970,Warning
61.7,0.9,45808,33602,0.0009,0,9869,Healthy
57.2,0.4,47192,8169,0.0523,1,9533,Healthy
43.0,76.0,17612,25879,0.0346,1,3527,Warning
41.3,76.1,21045,24212,0.0405,3,3464,Warning
28.3,78.9,41823,19691,0.0493,2,3247,Warning
65.4,93.0,33887,13759,0.0134,0,2721,Warning
49.7,11.8,21508,38458,0.0047,0,9053,Healthy
40.1,23.2,48508,26016,0.0004,4,7638,Healthy
58.3,90.4,20411,36431,0.0005,1,2150,Warning
35.3,17.7,35709,75130,0.0206,1,7923,Healthy
49.1,68.2,11239,12124,0.0082,0,4690,Warning
43.3,53.0,38345,24372,0.0137,2,5641,Warning
51.4,8.3,41734,33291,0.0028,1,9278,Healthy
44.4,28.5,17710,5152,0.0742,4,7181,Healthy
30.5,52.0,29052,36016,0.0028,1,5911,Warning
45.8,85.2,13668,92008,0.0118,2,2857,Warning
55.5,70.8,24999,8595,0.0117,2,3352,Warning
44.7,62.2,43898,69393,0.0002,0,4988,Warning
52.8,49.6,12102,78132,0.022,3,5290,Warning
34.5,29.9,7629,8595,0.0155,1,7554,Healthy
44.7,11.9,18169,76716,0.0138,3,8605,Healthy
38.8,40.9,48578,55624,0.0341,3,5630,Warning
52.5,2.9,3812,28742,0.0055,2,8987,Healthy
45.3,21.1,39926,26833,0.0395,2,7151,Healthy
51.9,43.2,19428,13669,0.04,4,6200,Healthy
55.9,41.9,17811,90575,0.0351,6,5580,Warning
51.9,4.4,6006,59722,0.0084,2,9105,Healthy
47.7,58.9,29207,87758,0.0035,3,4749,Warning
35.0,55.0,17913,19416,0.0129,0,5698,Warning
45.0,7.8,9253,38605,0.006,0,9588,Healthy
39.7,94.3,46313,69809,0.0011,1,1659,Critical
41.6,9.9,31779,48694,0.0066,3,8348,Healthy
41.3,85.5,29688,59922,0.0127,2,2817,Warning
35.2,0.0,48196,56117,0.0024,3,9406,Healthy
25.4,88.2,23870,95981,0.0578,1,2854,Warning
38.3,2.0,18952,21545,0.0213,4,8624,Healthy
46.9,75.8,47522,68093,0.0029,4,3047,Warning
31.5,36.2,19712,17561,0.0334,1,6851,Healthy
45.2,73.8,31007,79174,0.0526,0,4227,Warning
64.0,40.2,30271,36242,0.0061,3,6262,Healthy
55.2,7.1,15548,25360,0.0031,2,8757,Healthy
61.4,76.8,4066,81939,0.0078,0,4184,Warning
48.9,7.1,41976,55300,0.0357,2,8833,Healthy
56.7,92.2,21501,95078,0.0038,4,1533,Critical
37.8,5.1,21639,39712,0.0302,5,8595,Healthy
38.6,47.9,34118,18724,0.0252,5,4892,Warning
20.0,72.3,4788,67914,0.0211,4,3713,Warning
56.9,39.3,20557,75838,0.0114,2,6862,Healthy
60.4,21.7,36655,29038,0.0091,4,7313,Healthy
39.5,75.9,41999,89639,0.0018,1,3448,Warning
42.5,78.4,31479,15537,0.0088,2,3499,Warning
37.5,92.3,10570,12190,0.0184,3,2021,Warning
48.8,37.6,38526,10823,0.0457,1,6539,Healthy
56.2,50.6,9293,3814,0.0358,1,5615,Warning
27.6,36.3,35080,46685,0.0007,2,6669,Healthy
49.1,25.7,39735,34646,0.003,3,6869,Healthy
42.2,75.1,39831,14856,0.0377,0,4223,Warning
46.1,34.0,22177,77305,0.056,4,6151,Healthy
49.6,42.8,44197,5840,0.0011,1,6228,Healthy
43.1,40.4,36859,45352,0.0242,3,6172,Healthy
44.0,71.3,9395,63050,0.0091,2,4191,Warning
42.9,91.8,14835,43175,0.0091,1,3006,Warning
54.7,66.7,47111,99256,0.0206,1,4362,Warning
49.2,47.2,45285,892,0.0332,2,6082,Healthy
47.2,77.9,3132,71507,0.0064,2,3199,Warning
32.3,64.1,43873,50921,0.0244,3,4415,Warning
41.2,6.1,36771,8637,0.0202,1,9128,Healthy
54.0,9.6,45119,14497,0.0146,5,7720,Healthy
45.4,3.8,29997,85470,0.0184,1,9765,Healthy
51.6,45.7,25936,30778,0.0004,2,5732,Warning
62.7,82.6,36538,10897,0.0001,7,2062,Warning
55.4,31.3,21378,32030,0.016,4,6191,Healthy
45.9,38.4,22002,48864,0.0149,3,5913,Warning
39.9,90.9,36191,5294,0.0015,1,1970,Critical
20.0,83.7,7220,89830,0.0135,0,3391,Warning
43.3,66.5,7959,82585,0.0283,1,4160,Warning
41.7,26.7,32967,72399,0.0156,2,7878,Healthy
48.9,11.7,30711,8579,0.0146,1,8389,Healthy
43.5,1.6,36524,78068,0.0253,2,9503,Healthy
41.8,10.7,45577,67541,0.0038,3,7928,Healthy
27.2,29.3,6886,9948,0.0122,1,8087,Healthy
35.6,55.2,33561,79276,0.0032,2,4814,Warning
49.8,6.4,21285,60106,0.0148,3,9062,Healthy
62.2,13.6,41077,40677,0.0179,0,8726,Healthy
44.0,18.1,31290,96775,0.0026,1,8561,Healthy
48.3,63.2,3809,33477,0.0016,0,4623,Warning
54.5,61.6,19254,20677,0.0036,6,3906,Warning
36.9,55.1,20959,54173,0.0177,1,5193,Warning
48.7,25.1,47711,19931,0.0042,2,8393,Healthy
37.6,37.1,4309,68155,0.0064,3,6134,Healthy
53.6,9.7,23479,677,0.0242,0,8871,Healthy
46.5,22.6,14946,10726,0.0057,3,8049,Healthy
48.0,89.8,18103,90910,0.0101,2,2623,Warning
37.2,98.0,25526,97021,0.0529,2,1462,Critical
52.1,64.8,42956,93179,0.0349,2,4412,Warning
65.8,91.7,25651,12731,0.0059,1,2497,Warning
34.9,64.3,19000,49926,0.0182,0,4917,Warning
41.6,3.3,12480,80052,0.0219,4,9137,Healthy
47.3,99.7,9807,80170,0.0461,2,1237,Critical
52.9,9.9,24479,52647,0.0159,4,8466,Healthy
39.4,68.3,25168,14582,0.0165,3,3820,Warning
20.0,25.3,7006,73811,0.0439,5,6171,Healthy
58.6,39.2,15995,16675,0.0011,2,6303,Healthy
52.6,64.6,19520,14633,0.0198,3,4052,Warning
27.6,43.6,15312,63377,0.0108,3,6147,Healthy
38.9,25.1,14423,22927,0.0481,4,7522,Healthy
60.7,33.4,33034,58332,0.0646,1,7243,Healthy
59.5,34.2,7448,15337,0.0037,4,5827,Warning
54.4,95.9,675,11046,0.0066,2,2544,Warning
43.2,79.9,40039,91028,0.0064,1,3734,Warning
45.8,45.9,15848,11248,0.0021,2,5904,Warning
43.7,20.0,3443,91532,0.0132,2,8034,Healthy
56.3,81.1,42215,67589,0.0144,4,2843,Warning
36.2,15.7,25491,60529,0.017,3,8158,Healthy
36.9,21.0,22507,25741,0.0218,3,7947,Healthy
55.1,36.6,42595,61945,0.0013,0,7502,Healthy
44.6,88.0,43793,2969,0.0195,2,1964,Critical
58.8,13.2,40847,49567,0.049,1,8587,Healthy
38.3,12.2,9254,1974,0.0121,0,9126,Healthy
44.5,49.4,21655,49054,0.0023,2,5262,Warning
35.8,27.6,26723,31609,0.0018,2,8025,Healthy
45.1,56.9,38277,23361,0.0066,1,4442,Warning
30.2,45.2,37409,33605,0.0279,3,5550,Warning
40.1,43.5,20344,58112,0.006,1,6516,Healthy
30.6,11.2,28027,99891,0.0337,2,9343,Healthy
51.9,14.1,1167,96108,0.0343,2,8530,Healthy
52.2,82.1,17365,72000,0.0122,0,3600,Warning
27.7,88.6,7009,36096,0.0072,2,2335,Warning
58.3,23.5,21516,72508,0.0182,2,8304,Healthy
70.0,11.3,14336,86393,0.0333,4,8770,Healthy
45.5,5.3,31465,89081,0.0013,1,9623,Healthy
38.6,60.8,26225,72600,0.0613,2,3927,Warning
73.2,71.5,11029,1836,0.0208,1,4094,Warning
31.8,37.3,41160,43816,0.0102,0,6816,Healthy
45.2,68.0,31511,48417,0.0141,1,4350,Warning
46.8,71.3,15419,81217,0.0097,2,3745,Warning
58.5,93.5,35684,34935,0.0106,0,2630,Warning
48.6,6.5,6511,94642,0.0181,2,8874,Healthy
40.0,19.2,31702,67248,0.0012,0,8384,Healthy
35.5,6.9,48589,3268,0.0039,3,8725,Healthy
41.6,86.8,49659,95773,0.0052,2,2770,Warning
34.9,79.3,7304,64577,0.0105,3,2604,Warning
45.5,57.5,18999,28134,0.0093,3,4262,Warning
39.4,8.4,24617,55428,0.0256,1,9352,Healthy
30.1,27.3,34607,50096,0.006,3,7082,Healthy
57.6,29.8,4152,75625,0.0012,1,7642,Healthy
40.0,56.1,49510,54033,0.0011,2,5363,Warning
32.3,25.8,38654,92830,0.0002,0,7741,Healthy
43.3,7.3,12113,36944,0.0008,4,8444,Healthy
45.7,73.1,45464,84730,0.0391,3,3326,Warning
27.5,29.9,37588,73121,0.0239,4,6364,Healthy
48.3,45.2,47313,18711,0.1101,2,5374,Warning
34.5,12.8,36594,23169,0.0004,0,8936,Healthy
62.1,80.3,778,85639,0.0378,5,2142,Warning
50.2,56.6,30452,55211,0.0238,1,5198,Warning
41.0,90.2,45897,89191,0.0205,3,1891,Critical
37.5,49.5,9198,70547,0.0088,1,5561,Warning
44.0,94.1,8559,84492,0.0095,2,1964,Critical
51.1,89.2,38994,89190,0.0374,2,2947,Warning
44.7,57.6,27779,94801,0.025,4,5032,Warning
42.8,93.4,32766,55980,0.0222,2,2426,Warning
45.6,32.3,13327,84750,0.0006,3,6839,Healthy
39.0,36.6,5006,33953,0.0041,1,6322,Healthy
41.6,4.5,7998,33952,0.0657,1,9718,Healthy
24.1,58.9,47307,48269,0.0121,3,4469,Warning
54.7,72.2,33984,93549,0.0304,3,4067,Warning
48.0,77.4,6444,97571,0.0099,3,2979,Warning
37.3,15.0,41958,94323,0.0289,3,8566,Healthy
64.0,44.4,27466,9032,0.0025,3,6074,Healthy
45.9,17.7,46080,13391,0.0009,0,7941,Healthy
34.6,66.2,46946,63746,0.0126,0,4973,Warning
53.6,15.8,10936,34001,0.0179,1,8543,Healthy
49.0,90.4,17542,1996,0.0078,1,2160,Warning
48.9,23.1,49939,15654,0.0252,0,8006,Healthy
40.7,29.1,41020,77182,0.0137,0,8372,Healthy
49.5,85.1,41847,58975,0.0527,0,2536,Warning
42.4,45.8,12786,5950,0.0018,1,6151,Healthy
50.6,2.4,43704,37903,0.0014,2,9223,Healthy
26.0,49.5,10456,84152,0.0471,0,6175,Healthy
40.7,8.5,41263,47291,0.0221,1,9421,Healthy
62.2,98.5,27893,27789,0.0222,2,1771,Critical
37.3,58.8,2591,56179,0.0006,0,5585,Warning
39.0,25.7,21306,23609,0.0555,4,6793,Healthy
40.5,56.4,14028,43939,0.0296,2,5024,Warning
32.9,7.7,39872,24915,0.0289,3,9267,Healthy
22.9,80.0,11660,83839,0.0486,0,3357,Warning
42.7,92.5,7111,10681,0.0173,0,2317,Warning
46.4,87.4,22184,98752,0.01,0,2828,Warning
44.5,34.2,44618,70746,0.0131,1,7215,Healthy
43.6,32.6,28733,28895,0.03,0,7364,Healthy
45.4,3.5,4962,79536,0.0293,1,9700,Healthy
55.2,65.1,38218,34709,0.0188,1,4339,Warning
43.1,53.5,12782,35658,0.0049,2,4862,Warning
39.3,45.9,45403,67420,0.0342,5,5089,Warning
42.2,90.8,11803,19040,0.0208,3,1692,Critical
50.8,16.8,42479,4896,0.005,0,8706,Healthy
59.1,1.0,15196,1891,0.0131,3,9248,Healthy
38.7,7.3,14206,57074,0.1176,1,9123,Healthy
46.0,22.3,455,17152,0.008,0,8285,Healthy
48.4,3.3,8532,86337,0.0025,2,9156,Healthy
35.1,50.3,15800,10216,0.0004,0,6176,Healthy
45.2,31.4,25296,16068,0.0041,3,6934,Healthy
30.3,18.0,31750,9169,0.0041,1,8176,Healthy
27.3,75.0,46718,70307,0.039,3,3484,Warning
48.7,20.4,17338,49890,0.0034,2,8079,Healthy
41.2,68.8,44803,81264,0.0397,1,4939,Warning
47.0,34.9,27876,80292,0.0018,2,6986,Healthy
44.8,51.2,6804,91221,0.0474,5,5183,Warning
35.2,93.4,20108,23886,0.0059,2,1994,Critical
44.5,3.7,15479,24652,0.0189,3,8805,Healthy
32.7,50.0,42120,88303,0.0035,0,6169,Healthy
58.9,85.4,8673,78815,0.0099,0,2932,Warning
31.4,58.8,22515,14934,0.0018,1,4953,Warning
43.0,27.7,22666,29500,0.0173,1,7136,Healthy
34.6,39.8,1232,28473,0.0085,4,6018,Healthy
50.7,68.0,48402,38361,0.0382,1,4237,Warning
41.7,89.1,43898,6938,0.004,4,1987,Critical
39.8,4.1,34947,13229,0.0066,1,9706,Healthy
53.5,7.2,1044,95502,0.0039,2,8841,Healthy
45.3,32.5,5940,26907,0.0166,3,6807,Healthy
50.2,23.3,39542,95598,0.0024,1,7775,Healthy
35.2,26.5,43589,88594,0.0042,4,6677,Healthy
31.0,22.1,45361,91766,0.0227,0,8274,Healthy
46.1,19.6,44378,43211,0.0015,1,8365,Healthy
41.8,13.1,33702,93097,0.0272,3,8565,Healthy
51.3,93.4,20234,87865,0.0022,1,2467,Warning
44.2,14.4,4284,78691,0.0176,3,8090,Healthy
47.1,20.4,28063,87001,0.1225,4,8002,Healthy
28.8,24.6,7278,56350,0.0038,4,7221,Healthy
63.9,93.3,5268,82352,0.0061,3,1947,Critical
43.4,75.6,32754,74395,0.0457,0,3566,Warning
52.0,79.0,5091,14672,0.0197,4,2665,Warning
36.6,10.5,8246,69578,0.0136,1,9302,Healthy
48.1,83.6,46752,16029,0.0165,0,3443,Warning
32.0,40.8,5390,74090,0.007,0,6391,Healthy
49.5,26.3,24649,40781,0.0387,0,7510,Healthy
41.4,57.6,14944,74305,0.0274,3,4937,Warning
45.3,82.2,28982,77126,0.0206,1,3036,Warning
52.0,77.9,41019,67144,0.0537,1,3982,Warning
32.7,89.0,128,58735,0.0173,1,3630,Warning
38.2,92.8,18344,87176,0.0143,2,2213,Warning
49.6,23.8,8034,67260,0.0743,1,8030,Healthy
66.0,42.4,29945,13376,0.0046,1,6603,Healthy
43.6,1.5,35440,57180,0.0031,0,9751,Healthy
50.9,87.9,48149,15597,0.0035,2,2326,Warning
43.9,15.5,40919,74792,0.091,2,7722,Healthy
64.4,86.1,20498,3359,0.0211,1,3124,Warning
27.5,32.9,30161,25377,0.0073,1,7081,Healthy
45.9,36.8,2227,15128,0.0057,2,6342,Healthy
28.7,3.9,10183,78617,0.0012,2,9140,Healthy
20.0,32.7,19191,8800,0.0028,3,6667,Healthy
48.0,88.8,10033,2912,0.0478,5,1519,Critical
46.4,2.6,15977,93337,0.0275,1,9249,Healthy
42.2,40.6,34681,79841,0.0568,4,5947,Warning
43.9,3.1,12619,3838,0.011,5,8479,Healthy
76.0,37.1,7916,59984,0.0184,2,6335,Healthy
42.4,17.3,8451,6304,0.0132,2,8047,Healthy
50.1,25.2,15748,54175,0.0426,3,6674,Healthy
38.5,87.8,44102,95345,0.0951,3,1816,Critical
48.0,43.6,27561,86233,0.054,4,5349,Warning
42.6,27.4,41364,12892,0.0182,3,7669,Healthy
40.9,58.9,45001,76484,0.0013,1,5353,Warning
63.2,14.2,41459,20529,0.0192,5,7852,Healthy
56.8,25.9,44580,65763,0.002,2,7778,Healthy
46.4,54.6,39117,27597,0.003,1,5686,Warning
22.0,23.8,15541,63024,0.0042,3,7040,Healthy
41.4,67.9,39353,16895,0.009,0,4129,Warning
72.0,49.1,9277,23493,0.0179,0,5847,Warning
42.7,77.2,34673,62588,0.0081,5,2756,Warning
56.0,94.8,21531,61110,0.012,0,1924,Critical
59.4,11.6,22024,85565,0.001,5,8240,Healthy
47.2,33.5,34964,17758,0.0193,5,6382,Healthy
36.6,32.0,12593,93045,0.0214,3,7132,Healthy
20.6,15.1,5437,7803,0.0021,3,7981,Healthy
51.8,81.0,16135,70686,0.0308,5,2190,Warning
36.9,76.0,23418,12677,0.0209,2,4151,Warning
46.8,48.4,42405,14247,0.0135,3,5290,Warning
32.5,53.8,41290,97818,0.0161,0,5468,Warning
42.3,6.0,3882,89217,0.014,5,8315,Healthy
45.3,55.6,13898,22323,0.0011,0,5782,Warning
47.7,79.1,19984,80218,0.0266,0,3875,Warning
33.9,57.4,9174,79312,0.0143,0,5290,Warning
57.0,26.5,27449,75807,0.0038,3,7599,Healthy
39.0,66.8,27007,12463,0.0228,2,4952,Warning
28.3,36.1,22089,25428,0.0238,5,5888,Warning
43.9,54.5,39287,80885,0.0048,1,4873,Warning
45.3,48.8,8724,92118,0.0318,4,5200,Warning
46.6,38.1,7989,69523,0.0122,3,6432,Healthy
58.6,71.9,27356,92641,0.004,2,3956,Warning
42.6,88.4,10555,10538,0.0214,2,2236,Warning
43.8,0.5,47300,68426,0.0182,4,9063,Healthy
34.0,93.4,11294,3938,0.0037,0,2658,Warning
53.2,51.2,21722,35651,0.0412,3,4980,Warning
46.8,70.1,27088,36635,0.0386,4,3735,Warning
40.8,85.6,7670,6667,0.0362,2,2346,Warning
26.0,46.7,21587,13672,0.0102,1,6265,Healthy
59.4,83.5,717,51803,0.0348,5,2193,Warning
32.7,17.8,45552,82993,0.0373,1,8946,Healthy
39.1,15.9,41377,30860,0.1133,2,8105,Healthy
48.6,65.7,47585,66810,0.0632,5,3936,Warning
33.0,87.0,6385,61209,0.0097,1,2805,Warning
30.1,89.2,33324,65978,0.0044,0,3171,Warning
23.8,64.4,600,89450,0.0069,0,5258,Warning
52.2,52.5,29094,86758,0.0137,4,5026,Warning
39.5,33.1,36742,47945,0.0327,4,6524,Healthy
74.3,98.0,23114,90441,0.0257,0,2465,Warning
35.1,32.0,5073,37198,0.031,3,7052,Healthy
35.8,74.4,4874,27756,0.0096,3,2929,Warning
39.3,53.2,15619,87380,0.0057,1,5839,Warning
47.4,60.9,47217,34707,0.0005,2,5284,Warning
40.3,39.3,20680,74941,0.0197,1,6992,Healthy
51.1,96.5,23199,25651,0.0317,4,1322,Critical
35.2,57.2,46490,88759,0.044,1,4696,Warning
31.2,93.8,37584,54736,0.0129,1,2009,Warning
27.0,0.8,42688,38778,0.0525,3,9510,Healthy
22.8,57.3,48955,77209,0.0045,0,4861,Warning
39.8,71.7,13402,49721,0.0144,1,4421,Warning
42.0,74.5,3334,79166,0.0048,4,3765,Warning
38.7,90.5,6594,47850,0.0042,4,2071,Warning
57.4,0.4,14339,27452,0.0613,1,10000,Healthy
57.3,0.0,4598,11437,0.034,6,8663,Healthy
41.7,47.2,44298,42202,0.0002,2,5787,Warning
27.1,2.9,5367,39996,0.0063,1,9506,Healthy
39.3,97.5,12646,86570,0.0046,2,1666,Critical
39.0,22.2,24579,24294,0.0032,3,7792,Healthy
38.4,47.3,36537,59220,0.0239,3,5960,Warning
38.0,6.1,9757,25485,0.0167,2,8886,Healthy
38.5,52.2,22553,19891,0.0121,1,5582,Warning
41.1,38.0,34829,57795,0.0042,1,6818,Healthy
38.6,4.5,46808,93564,0.0065,2,9155,Healthy
47.1,33.5,17359,72906,0.0088,3,6691,Healthy
48.6,39.1,28745,87554,0.0308,3,5974,Warning
35.9,99.0,12193,22493,0.0905,2,1593,Critical
57.7,20.8,8834,43139,0.0041,4,7579,Healthy
35.2,54.5,3616,30220,0.0084,1,5361,Warning
28.8,98.7,15132,90198,0.0066,2,1852,Critical
48.8,79.2,20983,10406,0.0009,2,3207,Warning
36.8,99.3,25694,64320,0.0049,2,1351,Critical
48.2,96.8,40101,83617,0.0464,2,2120,Warning
21.0,49.0,26104,63738,0.037,1,6088,Healthy
58.9,69.6,13270,51989,0.0037,1,4346,Warning
51.7,11.0,38815,97325,0.0091,2,9255,Healthy
30.0,44.1,17058,82241,0.0074,3,5296,Warning
30.2,80.9,17942,77444,0.0032,3,2784,Warning
61.7,50.5,40263,93568,0.0195,2,5131,Warning
37.6,70.3,26175,3693,0.0163,1,4721,Warning
36.7,74.6,26167,41486,0.0111,2,4005,Warning
22.3,25.3,3272,60981,0.0387,6,6801,Healthy
41.5,87.6,36295,5720,0.0193,2,2640,Warning
42.7,46.0,40666,19857,0.006,4,5177,Warning
52.2,21.0,7836,39799,0.0094,5,7364,Healthy
31.0,86.5,48358,20049,0.0033,2,2314,Warning
29.8,41.8,31368,17974,0.0179,0,7159,Healthy
49.5,75.0,43575,58093,0.0177,2,3779,Warning
55.1,54.8,44611,641,0.0408,6,4770,Warning
29.3,38.2,4306,82686,0.0387,2,6171,Healthy
55.8,81.0,19448,21194,0.0363,4,2776,Warning
45.4,58.4,36181,17363,0.0159,1,4758,Warning
55.9,39.1,47923,3190,0.0211,2,6240,Healthy
44.3,11.0,41741,45556,0.0299,1,9317,Healthy
20.0,89.5,24954,60924,0.0019,2,2393,Warning
43.5,3.5,37326,21820,0.0072,3,8979,Healthy
55.6,86.3,18132,68463,0.0037,2,2821,Warning
36.1,36.0,29372,25919,0.0143,2,7285,Healthy
41.1,63.9,42218,41332,0.0364,1,4810,Warning
43.2,92.2,41052,36483,0.0052,4,2063,Warning
20.0,15.2,48733,22865,0.0263,5,7698,Healthy
61.7,56.7,35209,4411,0.0104,0,5407,Warning
36.0,76.4,34706,86497,0.0467,2,2765,Warning
50.1,75.8,5638,1149,0.0197,3,2850,Warning
44.1,52.6,44337,55188,0.0751,2,5881,Warning
57.6,62.5,9633,26969,0.0056,0,5154,Warning
49.1,75.8,30892,93862,0.0515,4,3294,Warning
42.7,84.1,5577,81539,0.0088,6,1944,Critical
36.1,76.2,9463,43846,0.0195,3,3308,Warning
53.0,35.4,12364,87998,0.0038,1,7139,Healthy
26.3,99.7,46404,41384,0.0285,0,2408,Warning
51.5,43.5,11919,18177,0.0766,1,6600,Healthy
34.0,2.4,12291,60890,0.031,4,8954,Healthy
57.5,36.3,6599,85678,0.0191,1,7123,Healthy
46.6,12.8,44947,68749,0.0119,3,8397,Healthy
51.4,12.1,17768,63135,0.0085,1,8962,Healthy
45.8,28.2,8862,74631,0.0109,0,8079,Healthy
27.5,5.3,31392,79815,0.008,1,9617,Healthy
36.4,68.9,19348,64234,0.0358,3,3723,Warning
51.7,7.4,38913,12664,0.0447,3,8961,Healthy
46.7,20.3,45044,53684,0.0598,1,8709,Healthy
56.8,9.3,11433,67582,0.0108,2,8399,Healthy
49.0,6.3,30752,35874,0.0158,0,9480,Healthy
35.3,26.8,41506,92464,0.0172,0,7541,Healthy
37.0,57.2,13170,97743,0.0211,0,5445,Warning
46.0,96.5,25956,91424,0.0,0,2509,Warning
21.9,87.6,31728,91541,0.037,1,2574,Warning
61.7,87.6,37907,79209,0.0062,1,2508,Warning
49.4,17.6,23523,30080,0.0128,1,8847,Healthy
57.3,26.5,48133,94687,0.0368,5,6971,Healthy
29.2,7.6,25312,57292,0.1152,0,9588,Healthy
57.4,77.8,35841,23818,0.0317,2,3604,Warning
67.3,7.0,4726,15127,0.0005,3,8577,Healthy
31.8,55.7,49370,72114,0.0092,2,5445,Warning
52.7,24.8,40867,36591,0.0057,0,7849,Healthy
45.0,24.3,2392,74402,0.0666,3,7177,Healthy
29.6,99.1,14959,14944,0.0061,5,1376,Critical
49.9,75.7,30685,40373,0.0574,3,2860,Warning
53.3,83.7,16907,18247,0.0555,3,2317,Warning
39.0,57.2,3919,93507,0.0366,2,4845,Warning
56.7,87.1,24187,9729,0.0021,4,1728,Critical
28.3,64.5,45550,82340,0.0,4,4057,Warning
30.1,94.6,47653,90371,0.0316,2,1841,Critical
46.4,28.1,1380,68126,0.0371,2,7392,Healthy
45.3,59.5,13341,58304,0.0655,4,4938,Warning
37.8,69.0,42879,48729,0.0049,5,3111,Warning
53.1,39.3,14247,32868,0.0264,2,6009,Healthy
50.3,88.0,19916,11444,0.0146,2,2412,Warning
53.6,98.0,1729,32252,0.008,3,1301,Critical
43.8,49.4,38367,33416,0.0186,3,5430,Warning
51.0,39.1,8734,21317,0.0159,2,6946,Healthy
40.5,47.2,3114,71134,0.0069,2,6355,Healthy
65.5,85.3,10873,1633,0.0063,3,2418,Warning
36.9,64.5,17981,57207,0.0133,3,3942,Warning
66.1,4.5,8380,29170,0.0129,3,8755,Healthy
45.3,54.2,25655,55662,0.0072,3,5161,Warning
31.2,1.7,41521,48224,0.0061,1,9644,Healthy
58.7,77.9,20036,53337,0.0617,3,3134,Warning
46.3,32.8,27432,36474,0.0397,3,6573,Healthy
53.5,47.2,44688,1609,0.0339,1,6040,Healthy
57.2,79.9,27177,29255,0.0048,2,3791,Warning
48.4,4.6,7737,25302,0.0042,0,10000,Healthy
39.1,15.9,25055,65271,0.0331,2,9011,Healthy
54.8,39.8,20980,44399,0.0041,4,6044,Healthy
45.0,23.0,46258,42472,0.014,1,7593,Healthy
51.9,33.8,16255,69142,0.005,3,6060,Healthy
23.5,99.8,3160,37204,0.0095,2,1788,Critical
49.5,82.5,46565,75694,0.0384,3,2328,Warning
38.6,88.4,48181,82376,0.0444,0,3409,Warning
61.5,93.7,40378,74497,0.1142,3,1793,Critical
51.2,34.1,3050,53458,0.0576,2,6732,Healthy
47.4,29.7,47255,88969,0.0222,1,7393,Healthy
49.9,23.4,23902,42991,0.0113,1,7991,Healthy
35.0,83.0,6163,8995,0.0012,4,2836,Warning
61.2,68.0,14305,65681,0.0187,6,3322,Warning
64.9,23.6,44790,98327,0.0047,2,7757,Healthy
48.9,37.7,26607,48612,0.038,4,6306,Healthy
60.9,50.7,7761,13597,0.0159,3,5391,Warning
39.3,52.8,36289,22032,0.0264,3,4692,Warning
37.0,88.9,34858,31610,0.0224,0,2719,Warning
45.4,38.1,13157,49043,0.0085,2,6878,Healthy
49.3,90.9,20340,51584,0.0285,1,3024,Warning
41.1,44.1,34350,41202,0.0371,2,6515,Healthy
50.4,74.6,35413,62848,0.0273,1,3972,Warning
48.1,93.0,37088,25217,0.03,3,1804,Critical
35.0,90.8,12591,56441,0.0089,2,2745,Warning
50.2,5.7,33510,83367,0.0575,3,8787,Healthy
53.6,20.6,13432,61795,0.0111,1,8002,Healthy
46.7,47.7,20402,43752,0.0455,3,5674,Warning
56.5,43.2,34454,50417,0.039,3,5183,Warning
32.8,64.1,18893,97667,0.0027,2,4481,Warning
49.7,94.5,6604,21899,0.0678,5,1393,Critical
33.3,11.2,28525,91550,0.1122,1,8747,Healthy
33.9,45.2,29911,2996,0.0186,1,6121,Healthy
38.7,19.2,49306,31485,0.0306,3,8280,Healthy
35.6,89.4,47495,85982,0.0543,1,2105,Warning
39.5,96.5,29846,21934,0.0004,2,2014,Warning
42.9,47.9,17325,38678,0.0532,1,6109,Healthy
53.4,10.4,39796,33810,0.0197,2,9240,Healthy
41.8,78.5,31073,76907,0.0353,2,3382,Warning
29.1,69.7,37455,13890,0.0156,1,4363,Warning
56.4,35.5,27296,77182,0.0151,2,6744,Healthy
36.6,88.7,19390,49077,0.0456,1,2750,Warning
44.4,97.6,43054,90143,0.0142,1,1983,Critical
49.5,55.8,10224,52433,0.0128,3,4566,Warning
47.0,56.6,37924,15979,0.0187,1,5345,Warning
55.9,29.8,38850,77219,0.0146,2,7279,Healthy
49.8,58.5,2372,85032,0.0118,2,4738,Warning
36.4,44.0,6241,28724,0.004,1,6356,Healthy
66.8,30.2,24778,50851,0.0101,3,7360,Healthy
46.9,6.7,9261,76345,0.0066,0,9365,Healthy
43.5,25.3,1171,16673,0.0102,3,7887,Healthy
54.6,19.8,17220,76908,0.018,2,8446,Healthy
47.5,54.2,26041,40300,0.0188,2,5020,Warning
49.0,60.2,39244,97982,0.0055,2,4616,Warning
69.9,60.9,24233,27924,0.0018,2,4677,Warning
42.2,38.8,3730,23207,0.0273,2,6085,Healthy
41.8,42.1,327,70724,0.015,0,6336,Healthy
46.2,83.4,48210,13354,0.0117,4,1856,Critical
55.7,47.6,39533,4181,0.0028,2,5980,Warning
29.9,98.8,14108,22113,0.0107,2,1909,Critical
25.3,44.0,20054,20379,0.0341,6,4781,Warning
39.1,65.0,40861,6578,0.0174,3,3730,Warning
28.7,5.0,14775,45961,0.0019,2,9174,Healthy
40.8,65.3,1719,97392,0.0081,6,3590,Warning
50.0,85.1,12985,52814,0.078,3,2888,Warning
36.1,94.2,2304,28441,0.0157,1,2040,Warning
30.7,99.7,40610,1916,0.0067,1,1615,Critical
45.7,28.2,11794,85528,0.0489,2,7328,Healthy
53.6,57.5,44686,25925,0.0082,4,4945,Warning
28.1,45.1,40442,99711,0.0262,2,6422,Healthy
53.2,56.4,9473,9007,0.0032,2,4801,Warning
53.2,15.7,11548,61087,0.0034,1,8870,Healthy
54.5,85.6,31310,14073,0.0165,4,2070,Warning
57.2,91.0,25510,59351,0.0055,2,1778,Critical
67.0,45.0,29128,29198,0.001,1,6268,Healthy
41.4,28.0,2864,42978,0.0522,1,7882,Healthy
46.1,14.1,43469,61994,0.0012,1,8605,Healthy
40.8,68.4,11567,18818,0.0253,6,3635,Warning
45.0,31.2,8299,39219,0.0081,4,6458,Healthy
60.3,91.0,27195,70380,0.0542,2,2312,Warning
31.5,67.1,43279,97028,0.0854,3,4221,Warning
36.4,64.6,32563,76029,0.0082,1,4728,Warning
58.8,55.9,39107,39602,0.0179,2,5062,Warning
55.2,4.6,47811,19506,0.0297,2,9031,Healthy
41.4,93.2,13717,9548,0.0026,3,1864,Critical
53.5,62.8,28404,22449,0.0247,2,4867,Warning
48.4,99.4,3429,76104,0.0473,4,1161,Critical
60.0,53.7,31293,18409,0.0039,1,4995,Warning
45.7,71.0,11663,31835,0.0365,5,3361,Warning
55.3,5.6,5684,34684,0.0025,0,9543,Healthy
71.4,63.2,8905,61323,0.0168,2,4645,Warning
51.0,76.5,25364,61715,0.0083,1,3638,Warning
45.5,77.9,9189,67830,0.0128,2,3328,Warning
52.2,77.0,13739,28141,0.0072,1,3889,Warning
41.3,22.6,24785,68756,0.006,1,8664,Healthy
68.9,97.5,48356,7326,0.0272,0,2118,Warning
46.8,99.5,11210,94816,0.005,4,1531,Critical
42.3,7.6,34028,40063,0.0105,2,8578,Healthy
36.6,93.6,45041,53328,0.0064,4,1680,Critical
56.0,28.9,21228,6869,0.0055,1,7397,Healthy
53.7,68.9,40199,41812,0.0197,6,2909,Warning
40.0,33.8,14784,6326,0.0009,4,6646,Healthy
50.8,96.8,47666,2692,0.0311,5,1517,Critical
29.9,10.2,24519,20420,0.0158,0,9324,Healthy
46.8,49.8,1627,24183,0.0353,4,5213,Warning
49.5,42.8,15320,26192,0.0048,2,6036,Healthy
62.1,32.6,23802,90291,0.0247,4,6988,Healthy
37.3,64.6,42973,82953,0.0109,2,4545,Warning
32.2,13.1,27857,9909,0.0016,1,8622,Healthy
36.0,71.7,46764,81565,0.0279,4,3994,Warning
31.6,98.1,13185,15295,0.0287,4,546,Critical
58.4,80.5,15305,77216,0.0063,0,3572,Warning
60.5,86.0,21094,60072,0.0495,0,3150,Warning
48.2,36.0,31045,22235,0.0289,1,7531,Healthy
57.2,32.5,20734,84399,0.0073,1,7136,Healthy
46.3,51.7,43066,84496,0.0055,1,5485,Warning
44.0,4.6,30669,44536,0.0116,2,9366,Healthy
41.7,94.5,30275,76172,0.0069,0,1594,Critical
41.9,14.4,45266,53887,0.0049,0,8294,Healthy
29.5,90.3,6726,77327,0.0102,5,1201,Critical
47.6,8.4,35723,78585,0.0005,3,8682,Healthy
44.6,82.3,4064,12521,0.0103,4,2729,Warning
52.5,15.2,47477,70150,0.005,3,8557,Healthy
45.9,3.8,47358,68620,0.0061,1,9630,Healthy
43.4,71.9,18158,10240,0.0017,2,3735,Warning
36.3,28.0,25866,86079,0.0178,1,7534,Healthy
45.7,71.4,46198,56054,0.0128,1,4229,Warning
52.4,55.5,35260,96779,0.0278,2,5334,Warning
33.6,10.9,16362,13819,0.087,2,8511,Healthy
45.9,93.2,39746,99031,0.0025,2,2350,Warning
47.3,45.2,47772,86891,0.0064,3,5723,Warning
37.8,73.4,34789,5742,0.0229,3,3276,Warning
39.1,50.1,29065,46669,0.0054,1,5771,Warning
47.3,60.4,10984,90043,0.0006,1,5285,Warning
33.7,30.3,4533,64211,0.0023,1,7093,Healthy
48.5,20.0,18311,29907,0.0114,2,7756,Healthy
36.0,54.3,10791,54004,0.0113,2,5287,Warning
55.6,44.0,31163,80886,0.0717,2,6316,Healthy
68.4,39.0,33584,21812,0.0125,2,6290,Healthy
36.4,67.3,49882,80130,0.0227,2,4493,Warning
50.3,69.1,21344,13488,0.0136,0,4748,Warning
37.7,4.6,24760,79234,0.0063,0,9715,Healthy
55.4,33.9,36636,66734,0.0022,1,7444,Healthy
32.3,41.2,35575,66473,0.0392,1,6310,Healthy
49.8,9.7,30184,88239,0.0033,1,9473,Healthy
36.3,23.6,49019,16495,0.002,1,8359,Healthy
42.9,5.2,24902,10376,0.0048,3,9412,Healthy
34.7,99.6,42367,19037,0.0,6,1024,Critical
53.2,73.7,49174,78938,0.0015,2,3328,Warning
36.6,8.7,20714,55660,0.0202,1,9278,Healthy
50.5,2.0,5133,88795,0.0056,0,10000,Healthy
41.6,71.9,4486,93526,0.0083,0,3456,Warning
43.9,43.9,12250,87556,0.0361,2,6192,Healthy
46.5,78.7,8257,5778,0.0296,2,3399,Warning
37.4,92.3,46981,34227,0.0136,3,1802,Critical
47.1,59.9,48842,10531,0.019,3,4012,Warning
60.3,18.7,30508,63245,0.0018,4,7566,Healthy
37.2,78.2,7775,90889,0.0287,4,3064,Warning
56.7,95.6,26328,86640,0.0145,2,1752,Critical
60.0,58.0,18351,91955,0.0169,1,5606,Warning
36.8,68.2,23449,87190,0.0219,1,4331,Warning
30.4,33.7,49278,74942,0.0139,3,6727,Healthy
48.0,38.2,15926,80334,0.0148,3,6253,Healthy
39.5,73.5,45709,52366,0.0138,0,4023,Warning
63.7,92.8,9224,67383,0.0137,0,2490,Warning
45.3,62.9,6688,71044,0.0277,0,4932,Warning
37.0,79.0,31043,55737,0.0111,1,3380,Warning
33.5,17.2,48690,25053,0.0001,2,8056,Healthy
55.9,21.2,28134,93054,0.0189,3,7887,Healthy
39.3,53.2,22251,5368,0.061,1,5448,Warning
45.4,17.7,49718,96941,0.0059,3,8269,Healthy
54.6,63.5,32500,4460,0.0339,3,4316,Warning
40.2,29.2,13636,64453,0.0122,2,7016,Healthy
44.5,79.2,2800,10444,0.0206,4,2492,Warning
44.8,80.8,26174,68541,0.0443,2,3084,Warning
51.8,46.4,8909,54748,0.0295,2,6173,Healthy
50.9,18.1,15215,24259,0.0432,1,8770,Healthy
42.8,64.7,45613,18621,0.0002,1,5184,Warning
45.6,99.3,19171,45629,0.0041,2,1978,Critical
41.3,62.3,38200,85099,0.011,3,4939,Warning
30.2,3.6,23290,50689,0.0377,2,9032,Healthy
47.6,1.7,21540,32059,0.0365,3,9360,Healthy
63.9,32.0,26180,6260,0.0041,1,7001,Healthy
36.2,19.6,45027,79117,0.0031,0,8570,Healthy
37.3,81.3,33047,33626,0.036,4,2959,Warning
36.3,84.5,8096,31461,0.0156,1,2882,Warning
52.2,25.9,43645,34344,0.0197,2,7631,Healthy
49.5,32.6,14962,14588,0.0331,5,6389,Healthy
43.4,23.6,38332,7736,0.0048,3,7585,Healthy
35.8,90.8,23204,55467,0.0029,1,2483,Warning
45.9,50.3,17405,88184,0.0392,4,4743,Warning
29.4,65.6,35960,51954,0.0024,0,5179,Warning
46.4,41.5,5627,45560,0.0018,2,6409,Healthy
53.7,63.1,44659,43064,0.0065,3,4534,Warning
32.5,38.6,13827,34343,0.0076,3,6724,Healthy
29.7,34.0,30067,20932,0.0055,0,7577,Healthy
60.8,63.4,23949,82748,0.0271,0,4438,Warning
38.9,59.1,2819,14933,0.0725,1,5361,Warning
56.4,29.4,48780,28308,0.0045,2,7332,Healthy
43.5,14.9,48335,36745,0.0305,2,8417,Healthy
43.4,36.9,13024,83422,0.0009,2,6821,Healthy
49.4,41.5,9315,62722,0.0025,3,6192,Healthy
36.2,62.9,49403,91188,0.0145,5,3745,Warning
46.3,91.5,24688,25402,0.1569,2,1758,Critical
41.2,3.6,25390,98698,0.0597,2,8277,Healthy
31.8,24.4,48109,15202,0.0024,1,8113,Healthy
48.4,19.4,20109,64711,0.0055,2,8694,Healthy
42.4,50.2,32012,44685,0.0583,4,4966,Warning
43.4,43.0,1244,92893,0.0033,3,6291,Healthy
32.9,72.9,37402,46207,0.0272,4,3076,Warning
60.9,24.2,14735,84800,0.0,2,7510,Healthy
53.8,59.4,33588,74722,0.02,3,5002,Warning
54.6,88.4,1106,2916,0.0136,2,2285,Warning
41.9,91.1,11590,91765,0.0127,1,2384,Warning
27.7,95.9,27144,33171,0.0353,3,1586,Critical
64.5,77.3,7199,68178,0.0017,2,3341,Warning
44.4,90.6,23600,85808,0.0095,1,2863,Warning
37.5,23.5,45179,91413,0.0118,2,7355,Healthy
49.2,19.8,637,707,0.0026,3,7702,Healthy
56.7,0.6,48797,76882,0.0018,3,9108,Healthy
44.8,70.7,11116,51290,0.004,2,3335,Warning
57.8,93.7,35553,22011,0.0055,4,1795,Critical
55.8,18.7,2080,25211,0.0677,1,8192,Healthy
34.2,63.7,6006,48514,0.0129,2,3621,Warning
38.3,74.6,33407,26246,0.0143,0,4182,Warning
54.6,92.8,23530,6524,0.0246,1,2489,Warning
20.0,64.7,44944,30892,0.0231,8,3053,Warning
43.5,97.0,28729,45031,0.014,3,1273,Critical
30.7,34.5,27875,23259,0.0083,0,7227,Healthy
40.2,35.0,40129,92760,0.008,2,7618,Healthy
42.0,54.3,30498,62086,0.0012,1,5385,Warning
41.4,38.4,42088,46272,0.046,2,6298,Healthy
39.5,0.1,151,11297,0.0293,1,9628,Healthy
34.0,73.2,24918,60227,0.0195,0,3696,Warning
67.9,75.2,1786,91057,0.0101,1,4156,Warning
63.7,74.7,19305,99247,0.0175,5,2691,Warning
33.4,34.5,23047,49769,0.0133,6,5595,Warning
60.8,52.2,8196,43000,0.0064,1,5451,Warning
41.0,36.0,42900,99370,0.0071,1,7347,Healthy
46.3,1.6,8716,20486,0.0415,0,10000,Healthy
44.4,56.2,43187,18820,0.0202,0,5392,Warning
38.4,12.4,8645,37451,0.0,0,8872,Healthy
54.8,8.0,36558,41194,0.0079,2,8769,Healthy
46.3,75.5,8584,43112,0.0083,1,3570,Warning
40.2,1.0,816,54223,0.0245,2,9416,Healthy
32.0,95.9,23767,39069,0.0241,2,2197,Warning
36.1,51.5,29300,82057,0.0125,3,5013,Warning
28.6,98.3,4675,54042,0.0603,1,2478,Warning
45.1,5.8,21056,21699,0.0412,0,9836,Healthy
33.0,58.4,10770,71536,0.0402,2,5543,Warning
42.3,34.9,15737,30166,0.0086,1,6497,Healthy
58.7,84.3,16446,5902,0.0113,0,3092,Warning
57.0,36.1,27040,89407,0.0109,1,6999,Healthy
44.7,26.0,33505,38049,0.0116,2,7520,Healthy
44.1,85.8,40847,16015,0.044,2,2937,Warning
63.8,37.5,9591,83623,0.0057,1,6970,Healthy
50.2,1.7,12731,73093,0.0324,0,9518,Healthy
41.7,39.0,22034,65098,0.0144,1,6455,Healthy
30.7,65.5,27282,12599,0.0057,0,4730,Warning
48.9,25.4,9003,22597,0.015,2,7086,Healthy
53.3,43.2,27286,71219,0.0043,0,6428,Healthy
38.7,5.7,11825,53866,0.0023,0,9685,Healthy
47.9,58.8,12170,20963,0.0364,2,5254,Warning
41.4,75.6,36209,49594,0.024,1,3816,Warning
43.2,41.3,16168,97096,0.0046,3,5285,Warning
20.1,42.0,5650,17196,0.057,4,5785,Warning
42.8,8.8,18267,8854,0.0005,2,9222,Healthy
54.7,20.2,25543,18412,0.0081,2,7474,Healthy
38.7,15.5,14788,45848,0.0004,2,8321,Healthy
45.5,48.2,49719,95397,0.0031,3,5867,Warning
37.4,52.9,38451,22380,0.004,0,5738,Warning
48.6,94.9,29648,81796,0.0332,3,1695,Critical
42.8,7.3,12213,70804,0.0994,3,9113,Healthy
35.6,60.0,22389,24451,0.0404,2,4738,Warning
58.3,52.6,18260,33666,0.0202,0,5737,Warning
54.3,51.6,33949,56282,0.0257,2,5397,Warning
39.0,87.3,46305,61430,0.0148,3,2758,Warning
50.0,20.6,19409,17931,0.011,2,7956,Healthy
50.4,4.1,36952,18826,0.0236,2,9196,Healthy
51.4,67.2,45121,28206,0.0723,1,4263,Warning
28.1,34.5,40496,33507,0.0006,3,6051,Healthy
55.1,1.8,6295,92970,0.0075,0,9998,Healthy
39.3,25.1,1111,39732,0.008,3,7375,Healthy
41.4,30.9,24386,33939,0.0107,2,7176,Healthy
71.4,61.7,33681,98260,0.0197,4,3992,Warning
48.0,17.3,12238,52271,0.0144,4,7453,Healthy
41.1,41.3,26819,24803,0.0004,2,6093,Healthy
22.9,48.2,33140,35729,0.0106,4,4770,Warning
58.9,45.9,48550,94005,0.0193,2,5715,Warning
31.5,97.4,20128,58245,0.0141,4,2187,Warning
35.0,4.6,16292,51758,0.0411,4,8953,Healthy
41.7,95.1,18200,21032,0.0102,1,2241,Warning
59.2,58.2,6376,99891,0.0003,3,4430,Warning
52.7,79.6,27651,72812,0.0067,1,3150,Warning
43.4,43.0,6928,9834,0.0029,4,5684,Warning
48.1,45.4,33224,38392,0.0058,4,4872,Warning
39.0,87.9,13754,28984,0.009,0,3023,Warning
46.4,89.6,303,29331,0.0226,7,1252,Critical
45.7,23.9,20229,24165,0.0078,1,8707,Healthy
54.7,19.9,6714,29705,0.0431,2,8395,Healthy
54.7,49.6,47667,73090,0.0071,2,5821,Warning
49.9,90.0,33364,43968,0.0029,2,2249,Warning
41.4,32.2,13089,62225,0.0037,1,7717,Healthy
52.4,65.2,49314,67064,0.0545,3,3795,Warning
44.1,70.8,1679,10868,0.0121,0,4530,Warning
34.2,77.9,4976,21935,0.0103,4,2790,Warning
41.0,56.4,40718,83090,0.0014,1,5429,Warning
45.8,40.2,4225,37862,0.0264,3,6086,Healthy
54.1,96.7,5428,80647,0.0237,6,696,Critical
43.2,61.1,49068,13894,0.0094,3,4456,Warning
32.9,72.9,42140,96784,0.0235,0,4469,Warning
45.6,34.5,11796,97760,0.0092,2,7461,Healthy
46.1,67.0,36247,48253,0.0015,3,4416,Warning
46.9,25.8,16219,54928,0.0268,1,7618,Healthy
54.2,24.5,24117,43538,0.0672,6,6453,Healthy
55.2,71.5,48880,56638,0.0209,2,3792,Warning
39.1,52.1,26304,92618,0.0065,3,5963,Warning
38.8,68.3,19662,79633,0.0063,3,3536,Warning
34.6,26.9,24528,10380,0.0529,3,7183,Healthy
52.0,59.9,21597,21315,0.0072,4,4097,Warning
59.5,44.4,3472,82989,0.0292,0,5757,Warning
41.8,59.7,23247,88876,0.0206,2,5439,Warning
42.6,29.1,17553,78922,0.018,0,7682,Healthy
59.7,71.5,47280,50798,0.004,3,3844,Warning
50.1,80.6,34060,78002,0.0007,4,2784,Warning
49.4,26.0,17297,25940,0.0134,4,7360,Healthy
33.1,30.1,34020,7014,0.0887,0,7816,Healthy
51.8,66.1,1983,38168,0.0044,1,4250,Warning
35.7,69.6,16751,45869,0.0154,3,4442,Warning
33.7,70.4,20155,49679,0.0222,1,4607,Warning
41.5,68.3,2912,48569,0.0132,3,4081,Warning
39.1,39.3,30545,71385,0.0141,2,6160,Healthy
42.8,39.5,45740,67065,0.0216,0,6534,Healthy
30.6,25.5,6662,72652,0.0337,2,7120,Healthy
54.6,15.7,7113,35264,0.0081,1,8538,Healthy
56.3,69.3,5277,50993,0.0459,2,4318,Warning
25.5,9.3,20569,26324,0.0133,4,8580,Healthy
54.8,93.8,49635,65044,0.0217,1,2133,Warning
36.9,82.7,31329,92748,0.0023,1,2795,Warning
53.6,85.8,29201,48961,0.0136,0,3514,Warning
44.3,90.7,28087,18971,0.0003,2,2143,Warning
45.3,40.9,23205,25756,0.0099,2,5808,Warning
43.1,84.7,23567,33642,0.0011,3,2709,Warning
57.1,15.8,17533,44829,0.0455,1,8392,Healthy
32.6,2.2,18317,3545,0.0223,3,9446,Healthy
51.1,78.5,31408,15228,0.0314,1,3326,Warning
56.0,7.5,9089,30213,0.0126,3,8816,Healthy
52.2,98.9,37335,79874,0.0382,1,1868,Critical
68.2,67.5,19459,23159,0.0413,4,3677,Warning
39.7,75.3,5255,99609,0.0088,2,3343,Warning
54.6,24.6,47004,6852,0.0095,3,7722,Healthy
43.9,67.4,8061,89066,0.0142,3,4098,Warning
57.3,4.3,24083,99082,0.0009,1,9471,Healthy
44.9,83.8,7286,67441,0.1093,1,2972,Warning
41.1,17.0,7606,42247,0.0089,4,7821,Healthy
58.1,69.7,41126,73186,0.0127,1,3983,Warning
40.1,22.4,46170,30123,0.0281,2,7504,Healthy
30.9,6.8,49051,18216,0.0071,5,8483,Healthy
39.8,48.1,30325,74101,0.0045,1,6097,Healthy
51.2,16.9,7891,13064,0.0027,2,8398,Healthy
58.9,72.9,27697,20031,0.015,3,3856,Warning
46.1,23.8,6870,41260,0.0001,1,8143,Healthy
58.2,34.2,9993,3949,0.0247,4,6312,Healthy
31.4,56.7,25254,99236,0.0124,3,5619,Warning
40.6,28.5,24418,34277,0.0152,3,7628,Healthy
42.1,37.8,40855,7779,0.0061,5,5679,Warning
43.9,81.6,40033,45309,0.0039,1,3356,Warning
45.8,17.9,13614,5691,0.0241,2,7920,Healthy
51.9,8.2,31458,74544,0.0047,1,8900,Healthy
40.6,32.8,22538,5807,0.0303,0,7254,Healthy
46.4,42.4,37373,4716,0.0046,2,6564,Healthy
44.5,54.3,27556,67401,0.019,2,4905,Warning
35.7,37.2,23731,62243,0.0206,4,6907,Healthy
43.9,79.0,5907,9627,0.0141,1,3648,Warning
43.6,3.9,6356,85938,0.1148,0,9180,Healthy
43.3,43.2,15256,36036,0.0094,3,6119,Healthy
45.3,38.2,12008,995,0.043,1,6545,Healthy
45.8,64.8,24535,69628,0.0037,2,4250,Warning
40.7,96.6,4384,68268,0.0082,2,2166,Warning
57.7,51.0,30532,61862,0.0031,0,5931,Warning
33.3,98.7,14538,41316,0.0185,0,1992,Critical
37.8,30.2,35022,19819,0.0203,0,7646,Healthy
72.8,3.1,40610,64795,0.0121,2,8982,Healthy
34.6,16.6,14327,80703,0.0255,1,8459,Healthy
31.5,39.5,14365,13500,0.0404,1,7160,Healthy
52.3,31.6,19288,7219,0.03,0,6883,Healthy
24.2,9.7,18704,70481,0.0055,0,9316,Healthy
42.6,43.3,28665,48441,0.0077,0,6616,Healthy
66.5,33.8,32688,76812,0.0096,1,7041,Healthy
29.6,12.3,42058,39823,0.0046,5,7230,Healthy
25.2,29.6,32174,83325,0.009,6,6276,Healthy
30.0,88.6,17205,57820,0.0054,1,2885,Warning
54.0,30.2,25890,11919,0.1091,4,7130,Healthy
56.2,71.4,23458,73936,0.0306,2,3686,Warning
39.9,61.2,31044,26903,0.0393,1,4497,Warning
51.8,42.7,22287,28798,0.0511,3,6110,Healthy
58.9,23.9,4125,93192,0.0219,3,7679,Healthy
62.9,36.9,28255,37865,0.0039,3,6278,Healthy
42.5,59.2,24612,90073,0.0284,1,5268,Warning
22.0,35.1,16007,46733,0.0003,5,5908,Warning
36.8,21.5,14569,71045,0.0024,3,7710,Healthy
40.7,11.6,38024,73271,0.0006,1,8941,Healthy
42.4,88.0,47296,92127,0.0029,2,2267,Warning
43.1,44.0,14510,56860,0.0279,3,5853,Warning
56.2,62.5,43863,62466,0.0433,4,4081,Warning
57.7,49.0,37680,38556,0.0065,0,5637,Warning
43.3,87.3,8750,57465,0.0025,3,2212,Warning
56.0,54.7,48926,64737,0.0064,0,5618,Warning
48.6,48.1,26377,11695,0.0208,4,5473,Warning
45.6,92.5,2556,39874,0.0086,2,2098,Warning
54.1,72.0,16690,64039,0.065,4,3587,Warning
45.7,11.2,27992,26748,0.0028,1,9194,Healthy
65.6,17.8,17840,51954,0.0928,3,7880,Healthy
30.6,78.7,45828,26726,0.0003,3,3747,Warning
39.8,83.6,11888,86815,0.012,0,3587,Warning
43.7,54.5,23945,76702,0.0058,1,5479,Warning
49.4,55.4,7256,86415,0.0167,2,4936,Warning
57.7,63.2,47133,32209,0.002,1,4961,Warning
44.8,43.9,8251,43350,0.0417,1,6152,Healthy
30.8,68.0,26615,96854,0.0029,2,3976,Warning
53.4,10.8,11087,41037,0.0177,4,7973,Healthy
52.5,96.1,12660,63958,0.0007,4,1387,Critical
25.6,75.0,2773,31449,0.0075,1,3381,Warning
45.0,63.1,47867,26353,0.0032,1,5241,Warning
29.1,31.6,6923,22497,0.0762,2,7034,Healthy
38.4,16.1,39744,36370,0.0002,1,8252,Healthy
36.0,40.9,28465,59029,0.0087,5,5774,Warning
53.1,66.2,38841,63871,0.0072,4,3934,Warning
46.2,63.4,8382,51107,0.0214,5,4445,Warning
32.1,38.3,41535,59023,0.0012,2,6838,Healthy
53.8,61.3,8156,34614,0.0333,3,4218,Warning
30.7,81.4,34914,42088,0.0126,2,2800,Warning
48.3,2.6,21791,50866,0.0121,2,9688,Healthy
36.9,45.1,40604,30371,0.0051,3,5721,Warning
41.3,75.9,36558,67997,0.0135,1,3259,Warning
50.0,54.6,28701,62784,0.009,2,5108,Warning
50.2,65.1,21113,6190,0.0056,2,4334,Warning
58.4,51.7,35613,15668,0.0037,0,6093,Healthy
44.2,99.2,23507,46375,0.0261,1,1865,Critical
48.1,5.5,24760,71494,0.0031,1,9116,Healthy
40.6,49.1,2739,65616,0.0037,1,6005,Healthy
46.8,9.1,21420,92978,0.0172,2,8890,Healthy
49.4,16.0,176,10533,0.0051,4,7079,Healthy
44.0,38.3,6573,74083,0.0123,1,6875,Healthy
27.0,15.6,10722,5402,0.0161,1,8232,Healthy
48.3,96.4,18908,1996,0.0064,1,1993,Critical
48.6,94.7,5396,61763,0.0084,0,2254,Warning
38.2,33.6,23051,28164,0.0047,0,6626,Healthy
32.2,64.0,22570,42703,0.0123,2,4585,Warning
59.8,53.4,505,5082,0.0976,1,5006,Warning
49.9,81.6,45176,29982,0.009,3,2746,Warning
42.7,62.7,15445,35311,0.0212,1,4671,Warning
33.6,0.0,497,36644,0.0202,4,8670,Healthy
36.8,76.3,14765,41976,0.0309,1,3943,Warning
58.0,74.7,14660,32372,0.0249,1,3683,Warning
46.4,51.0,26476,83254,0.0002,2,5429,Warning
39.5,90.3,19957,17507,0.0074,0,2819,Warning
50.1,90.8,32606,50699,0.0408,3,1984,Critical
36.9,52.4,42868,51216,0.0155,1,5312,Warning
60.0,60.8,37857,86402,0.0022,2,4388,Warning
58.5,99.7,20410,95863,0.0065,1,2354,Warning
40.3,29.9,18428,33764,0.0067,5,6591,Healthy
38.7,32.5,41497,97643,0.0413,3,6527,Healthy
20.0,18.3,38259,65730,0.0161,1,8422,Healthy
30.2,89.6,33090,27505,0.0187,2,2686,Warning
31.6,74.4,7930,31975,0.0091,1,4671,Warning
46.4,10.6,49098,17426,0.0012,4,8348,Healthy
41.7,98.2,36868,34183,0.0016,2,1591,Critical
31.5,73.1,19148,84221,0.0109,0,3442,Warning
42.2,85.1,46355,77310,0.0039,5,2167,Warning
50.1,4.8,21848,46549,0.0022,0,9442,Healthy
50.3,50.5,5493,99983,0.0061,2,5582,Warning
26.0,69.9,23985,93350,0.0271,0,4406,Warning
43.7,54.3,703,49983,0.0015,4,5220,Warning
31.2,66.7,6395,40413,0.0119,4,3915,Warning
54.0,81.8,41248,61434,0.035,3,2851,Warning
52.8,37.4,7203,42994,0.0062,2,6652,Healthy
36.0,84.9,25351,30788,0.0072,1,2908,Warning
37.3,16.3,49889,91928,0.0431,1,8875,Healthy
40.4,27.1,14646,26182,0.021,1,7733,Healthy
22.5,4.3,15556,67625,0.032,4,9051,Healthy
48.4,36.4,18328,31309,0.0068,3,6405,Healthy
42.3,38.0,14774,84906,0.1148,5,5522,Warning
54.7,80.5,146,52242,0.003,1,3060,Warning
34.0,65.3,919,60084,0.0654,3,4559,Warning
38.8,43.7,36675,74715,0.0465,0,7022,Healthy
29.9,65.2,19506,9303,0.0161,3,3939,Warning
35.0,5.3,1180,53072,0.0176,2,8832,Healthy
33.2,18.0,3246,61038,0.0298,1,8560,Healthy
55.0,62.7,12026,51108,0.0073,2,4434,Warning
38.0,64.1,16030,43653,0.015,2,3975,Warning
46.2,77.4,48040,93686,0.0465,2,2986,Warning
41.2,40.3,15387,49157,0.0014,1,6552,Healthy
32.3,72.3,39609,10029,0.0472,0,4855,Warning
43.3,68.4,35085,95034,0.0261,2,4612,Warning
51.0,96.3,2986,48708,0.0294,0,2083,Warning
32.9,21.5,13444,76428,0.0013,0,7857,Healthy
53.1,55.2,22118,37765,0.0042,2,5050,Warning
36.5,60.2,41855,5083,0.0519,1,4883,Warning
40.2,99.9,7393,61726,0.0026,1,1837,Critical
50.3,20.1,3106,27190,0.0199,1,7981,Healthy
38.4,52.3,39826,10828,0.0305,2,5205,Warning
45.4,34.6,24456,87674,0.0053,1,7207,Healthy
41.9,52.6,43449,16738,0.024,4,4861,Warning
46.3,23.2,37011,39613,0.0014,3,7459,Healthy
21.2,4.8,14799,88991,0.0138,2,9281,Healthy
26.7,57.3,28534,56735,0.0081,4,4850,Warning
51.2,33.6,17702,22182,0.0208,3,6750,Healthy
55.4,18.2,40886,47942,0.044,0,8676,Healthy
35.9,32.4,10052,82498,0.0027,2,7475,Healthy
42.6,4.9,41784,71688,0.012,1,9298,Healthy
47.9,95.0,30589,17261,0.011,3,1996,Critical
51.9,58.1,33005,96271,0.0078,2,4689,Warning
24.7,81.5,47024,62688,0.0131,2,3067,Warning
36.1,42.3,13481,90387,0.0425,2,6017,Healthy
41.7,90.3,13993,11676,0.0727,0,2747,Warning
52.0,48.3,28230,57998,0.0001,1,6225,Healthy
70.0,57.4,30515,99950,0.0269,1,4919,Warning
42.7,49.2,49228,48829,0.0191,3,5799,Warning
30.9,73.3,19243,26139,0.1041,0,3968,Warning
49.0,56.7,32926,68252,0.0019,1,5268,Warning
58.2,27.2,488,27915,0.0334,4,6777,Healthy
46.1,14.6,12216,33157,0.0543,1,8136,Healthy
35.9,60.6,19906,38717,0.0486,2,4512,Warning
54.6,48.9,39880,83883,0.0164,3,5663,Warning
51.6,9.6,45494,53122,0.0079,5,7906,Healthy
34.7,39.6,4952,18400,0.0204,0,6974,Healthy
48.8,51.5,49847,11742,0.0073,2,5116,Warning
55.0,82.7,8727,97109,0.0106,1,2754,Warning
56.8,7.6,29148,37691,0.0118,1,8999,Healthy
44.3,34.8,34850,48101,0.0072,0,7028,Healthy
41.4,82.3,27114,65430,0.0084,1,3579,Warning
57.3,64.8,47684,18410,0.0001,1,4895,Warning
32.9,29.0,11160,94222,0.0071,2,7110,Healthy
49.4,84.5,45269,15478,0.0128,2,3130,Warning
31.3,49.3,43279,50440,0.0038,1,5887,Warning
55.7,49.8,8309,14106,0.0328,0,5619,Warning
42.4,97.7,38297,32531,0.0154,1,1882,Critical
57.7,94.7,12258,7921,0.0316,1,1998,Critical
49.9,35.9,18176,56229,0.0027,3,6706,Healthy
32.8,14.1,4476,3048,0.0344,3,7943,Healthy
59.2,32.6,19751,7752,0.0635,1,7018,Healthy
60.5,3.0,24048,48124,0.0087,4,9054,Healthy
53.8,2.1,18179,78885,0.0067,1,9574,Healthy
37.4,39.6,14078,70644,0.0208,1,6843,Healthy
41.9,94.1,12805,91127,0.0202,1,2312,Warning
46.5,87.1,27007,7245,0.0024,1,2481,Warning
38.0,51.1,21931,36330,0.0523,1,5797,Warning
61.9,56.5,43729,38549,0.013,0,5866,Warning
46.4,0.6,8065,38030,0.0289,1,9732,Healthy
20.0,21.6,10348,30722,0.0089,1,8160,Healthy
48.4,2.5,47088,10140,0.0061,3,8888,Healthy
41.5,75.5,23733,34234,0.0024,2,3333,Warning
44.3,14.6,29603,55728,0.0064,3,8735,Healthy
41.3,86.9,7561,88114,0.1005,5,2317,Warning
53.1,64.3,27098,58207,0.0215,5,3878,Warning
56.2,22.9,12921,98911,0.0325,2,7754,Healthy
47.8,15.8,19970,24065,0.0636,3,8258,Healthy
41.6,62.8,13510,44554,0.0016,1,4467,Warning
44.6,90.1,22285,54068,0.0036,1,2945,Warning
45.2,71.8,19233,66545,0.0526,2,4027,Warning
37.0,34.9,24269,72851,0.0166,4,6298,Healthy
50.8,58.7,23459,58147,0.0201,1,5057,Warning
49.6,31.1,27500,58812,0.0112,3,6871,Healthy
60.4,99.9,34273,42898,0.0337,1,1635,Critical
57.6,74.9,11279,61365,0.0146,2,3517,Warning
38.1,61.4,36443,32908,0.035,1,5049,Warning
53.2,42.3,35595,88928,0.097,2,6199,Healthy
35.5,61.8,6587,64725,0.0208,3,4414,Warning
52.0,34.2,14860,79312,0.0151,0,7498,Healthy
39.8,2.9,26539,4000,0.0091,1,9930,Healthy
34.8,39.5,27029,51851,0.0043,2,6202,Healthy
47.8,93.0,6391,13046,0.0214,0,3049,Warning
20.0,62.6,27572,53553,0.0013,1,5094,Warning
27.5,8.4,29503,41026,0.0626,2,9257,Healthy
43.2,88.5,2601,81078,0.0209,2,3394,Warning
45.8,26.9,43140,38653,0.0641,3,7443,Healthy
41.3,24.4,1855,729,0.0064,4,6745,Healthy
29.2,29.7,36258,52138,0.0586,2,6918,Healthy
36.8,57.7,5916,25225,0.0189,2,4567,Warning
48.9,54.5,17700,34177,0.0332,0,6037,Healthy
50.8,49.1,32716,77756,0.0039,0,6474,Healthy
44.8,71.8,1990,50629,0.0139,0,4784,Warning
56.6,31.7,11323,32379,0.0168,1,7489,Healthy
49.0,78.2,46697,83054,0.01,0,4244,Warning
37.5,17.5,25066,97154,0.0058,0,8115,Healthy
42.2,78.3,7788,5217,0.047,5,2681,Warning
31.0,66.4,39368,84610,0.0018,1,4213,Warning
43.9,68.3,39584,79271,0.0033,4,3245,Warning
56.1,48.2,27653,5689,0.0077,1,6478,Healthy
51.9,66.7,3846,87359,0.0505,1,4054,Warning
59.0,8.0,18679,89501,0.0166,2,8899,Healthy
42.0,85.2,13114,78008,0.0093,2,2926,Warning
58.5,5.6,48543,2365,0.0103,3,8702,Healthy
43.1,14.9,42061,99102,0.0364,1,8019,Healthy
59.7,57.7,36497,94003,0.0005,0,5431,Warning
44.8,73.9,7866,5040,0.0002,2,3524,Warning
52.1,7.6,6247,57941,0.0009,2,9554,Healthy
59.8,92.1,47981,93809,0.0127,4,1912,Critical
43.1,97.4,47310,78500,0.0174,1,2172,Warning
47.2,60.6,47278,38082,0.0196,2,3828,Warning
57.9,48.1,1163,79632,0.0263,1,6066,Healthy
43.7,74.1,8930,97421,0.0042,1,3832,Warning
31.8,32.8,43802,81422,0.0061,4,7006,Healthy
66.4,49.3,9434,20406,0.0056,3,5242,Warning
40.3,91.6,10412,21302,0.0032,0,2823,Warning
46.6,95.6,25227,72854,0.0056,1,1830,Critical
56.6,92.7,36143,65261,0.019,1,1925,Critical
38.9,26.2,1076,57776,0.0091,0,7732,Healthy
34.9,23.2,45251,75073,0.0292,1,7795,Healthy
47.5,29.8,44274,70221,0.0154,1,7079,Healthy
27.1,44.1,11839,37494,0.0048,0,6387,Healthy
42.1,31.4,4169,90516,0.0126,3,6978,Healthy
47.5,37.4,15704,8192,0.018,3,6656,Healthy
42.3,62.1,14712,58896,0.0402,3,3790,Warning
29.6,76.3,49202,20499,0.0359,3,3280,Warning
60.9,73.6,39270,72841,0.0111,3,2896,Warning
46.0,81.4,45201,3657,0.0209,3,3303,Warning
59.3,3.2,445,35373,0.0071,1,9896,Healthy
42.4,4.8,37810,38444,0.02,4,8762,Healthy
36.2,78.9,19426,34261,0.0488,0,3378,Warning
47.7,53.3,9463,79741,0.0196,1,5487,Warning
42.8,57.8,3870,85516,0.0072,2,4587,Warning
33.2,5.3,44221,98993,0.0207,0,10000,Healthy
59.7,25.5,8524,32178,0.0466,4,6797,Healthy
38.8,63.8,12090,92735,0.0029,2,4701,Warning
26.6,85.9,8148,93030,0.0132,5,1922,Critical
58.3,91.7,28822,95606,0.0077,1,2611,Warning
40.0,50.0,44967,19782,0.0055,2,5507,Warning
38.9,54.5,44759,55508,0.0101,3,5246,Warning
27.3,83.3,32237,13293,0.01,5,2659,Warning
62.4,53.8,15673,27042,0.0047,1,5386,Warning
32.1,51.7,16934,86669,0.0103,1,5735,Warning
45.6,90.5,9654,40314,0.0201,0,3317,Warning
54.1,79.0,33218,16137,0.0005,1,3486,Warning
49.2,90.9,27372,85831,0.0906,1,2608,Warning
44.4,21.8,42368,94558,0.007,4,7683,Healthy
28.0,52.4,36872,75274,0.0195,1,5249,Warning
36.9,84.2,11217,93185,0.0067,2,2420,Warning
46.9,11.1,21162,50257,0.01,1,8919,Healthy
37.1,79.5,16728,48679,0.0159,5,2504,Warning
47.0,18.3,13115,92570,0.0189,2,7822,Healthy
51.8,80.8,4834,9756,0.0294,4,2100,Warning
54.6,61.2,45739,55447,0.0314,4,4173,Warning
32.7,19.3,15262,1017,0.0146,3,7793,Healthy
67.0,47.3,49692,78461,0.0016,2,5979,Warning
52.7,68.2,44605,87638,0.0163,2,4092,Warning
45.0,63.4,9759,15176,0.013,2,4053,Warning
55.9,42.7,16895,53459,0.0049,3,5867,Warning
68.7,89.9,33681,87855,0.0002,4,1689,Critical
30.6,51.9,29017,11281,0.0076,2,5633,Warning
42.7,50.6,18214,84692,0.006,3,5803,Warning
21.2,6.2,6743,65258,0.0132,2,9088,Healthy
46.9,92.2,13369,26178,0.0287,0,2505,Warning
48.7,17.7,18458,70828,0.0116,3,8050,Healthy
44.6,52.8,33417,50462,0.0606,3,5507,Warning
38.5,80.4,47320,77991,0.005,9,1024,Critical
24.5,21.5,32593,46028,0.005,2,7613,Healthy
48.7,52.7,18421,8768,0.0185,0,5526,Warning
59.6,24.1,303,19193,0.0453,2,7650,Healthy
39.1,76.0,15818,26101,0.0223,3,3423,Warning
49.4,56.4,36456,92676,0.0224,6,4366,Warning
29.3,85.6,35404,70475,0.0328,1,3012,Warning
49.6,89.5,22272,48639,0.0221,3,2239,Warning
41.1,64.9,8398,13727,0.0285,1,4450,Warning
37.4,72.5,20295,44201,0.0402,3,3572,Warning
37.4,54.9,35569,95553,0.0002,0,4904,Warning
41.1,38.4,44957,95738,0.0434,4,5828,Warning
48.8,64.8,10511,72425,0.0048,4,4057,Warning
31.9,90.8,7925,62925,0.0486,1,2070,Warning
41.0,41.7,31338,94611,0.0062,1,6080,Healthy
44.6,31.4,38842,45729,0.0121,4,6620,Healthy
34.0,38.8,4190,85978,0.0543,1,7019,Healthy
63.0,43.5,23440,90428,0.0023,5,5521,Warning
36.5,7.4,27251,83265,0.0274,3,8331,Healthy
38.3,49.8,43427,25768,0.01,4,5217,Warning
35.2,49.4,9352,78276,0.0005,1,6078,Healthy
63.0,58.8,35414,62948,0.056,1,5154,Warning
50.5,36.3,3836,97036,0.0025,2,6524,Healthy
35.6,61.3,47468,67368,0.0298,0,5004,Warning
56.1,87.8,1772,11729,0.0097,2,2640,Warning
47.0,95.5,501,45792,0.0333,2,2095,Warning
47.6,58.4,15422,6800,0.0277,4,4449,Warning
41.6,4.3,25277,83694,0.0201,0,9332,Healthy
37.5,96.9,11291,40434,0.056,6,954,Critical
48.4,70.6,37181,26320,0.0021,4,3448,Warning
39.5,33.6,14765,66373,0.032,3,6765,Healthy
63.2,14.7,44512,36562,0.0222,1,9034,Healthy
32.3,14.3,44694,95942,0.0076,3,8601,Healthy
60.4,16.8,49339,49988,0.0158,1,8400,Healthy
43.9,4.6,49171,13945,0.0207,1,9461,Healthy
48.0,90.2,39147,2367,0.0267,4,1565,Critical
53.3,54.1,31613,94617,0.0041,0,5853,Warning
38.7,70.0,3067,89334,0.0022,1,4262,Warning
53.6,82.8,37118,66530,0.0022,0,3526,Warning
20.0,79.2,24895,5142,0.007,1,3212,Warning
37.8,88.3,3338,8852,0.0033,4,2161,Warning
35.8,96.7,8613,2536,0.0153,3,1473,Critical
32.5,43.9,2838,64592,0.0115,1,6579,Healthy
42.9,95.0,5036,15222,0.0447,0,2482,Warning
48.9,72.3,34704,48824,0.0253,0,4546,Warning
52.0,7.1,30906,16686,0.0046,0,9110,Healthy
47.4,68.2,1668,59585,0.0009,1,4304,Warning
38.3,68.7,43382,87503,0.0247,1,4222,Warning
48.7,90.6,30960,91987,0.0374,3,2219,Warning
46.2,37.3,46915,59397,0.0241,2,6664,Healthy
54.4,58.5,4820,2781,0.0206,1,5130,Warning
52.8,1.2,40825,96731,0.0057,1,9256,Healthy
45.3,33.2,44023,43328,0.0136,3,6422,Healthy
36.0,6.2,8644,2101,0.0258,2,8980,Healthy
38.5,52.2,25704,45287,0.0043,1,5721,Warning
39.5,81.7,39393,1799,0.0129,1,3692,Warning
41.8,20.6,16183,58554,0.0025,1,8207,Healthy
47.7,52.7,8035,15294,0.0151,4,5301,Warning
52.2,20.4,30129,96184,0.017,2,7839,Healthy
44.5,12.1,26685,95749,0.0153,4,7785,Healthy
45.2,51.1,23998,53819,0.0127,3,5433,Warning
46.4,7.9,23549,16526,0.0177,2,8944,Healthy
39.8,58.7,6837,97133,0.1149,2,4661,Warning
35.7,3.1,35408,18930,0.0195,1,9055,Healthy
27.4,10.7,20303,48285,0.0279,0,8506,Healthy
38.0,55.0,29159,22358,0.0043,1,5746,Warning
49.7,59.1,25548,84618,0.0151,6,3863,Warning
38.0,2.9,17318,3832,0.0002,3,9404,Healthy
42.6,57.3,19808,34371,0.0006,1,5713,Warning
49.7,83.9,17113,69213,0.0078,2,2773,Warning
50.2,72.2,3086,28670,0.0126,2,4142,Warning
34.2,13.1,47826,63955,0.0171,1,8878,Healthy
55.0,59.2,24417,96639,0.0438,2,5142,Warning
56.3,67.2,25482,86921,0.0295,1,4409,Warning
33.7,3.7,6585,39309,0.0071,2,9409,Healthy
36.8,85.5,30604,95764,0.0272,2,2944,Warning
56.9,90.6,23628,74763,0.0159,1,2076,Warning
43.5,85.0,11872,80568,0.0302,1,2879,Warning
22.8,82.5,10252,40328,0.0106,0,2943,Warning
31.0,74.5,12631,91681,0.0019,1,3798,Warning
42.5,63.3,30178,45829,0.0193,2,4389,Warning
33.4,67.9,38735,63706,0.0163,5,3988,Warning
40.9,80.6,26019,25208,0.0614,0,4072,Warning
45.3,66.2,23000,82683,0.0035,2,4424,Warning
59.6,32.8,37494,16456,0.0214,2,7444,Healthy
42.1,37.6,35130,84472,0.0129,4,6230,Healthy
55.7,89.7,2514,64256,0.0095,1,2409,Warning
59.3,1.7,10453,81104,0.0317,3,9460,Healthy
59.3,69.9,15659,88245,0.0333,2,3880,Warning
47.8,95.5,12412,79768,0.0251,2,1893,Critical
25.4,70.6,27657,63309,0.0017,4,3711,Warning
49.6,99.4,38108,88464,0.0085,1,1701,Critical
55.5,68.8,14153,4589,0.001,2,4709,Warning
44.2,3.4,41917,31288,0.0084,5,8064,Healthy
62.4,82.7,37990,93459,0.0209,0,3012,Warning
53.6,28.5,5093,99161,0.0146,2,7363,Healthy
50.7,44.6,18976,80035,0.0243,3,5894,Warning
55.9,31.2,48481,74978,0.016,0,7456,Healthy
48.3,26.9,8311,16340,0.0162,1,7621,Healthy
20.1,43.1,13615,3750,0.0143,1,5951,Warning
40.0,37.9,41865,56214,0.0091,2,6784,Healthy
57.0,63.3,16435,68294,0.0118,0,4969,Warning
36.9,81.3,2275,99387,0.0024,1,3287,Warning
42.8,29.7,2505,85858,0.036,1,7589,Healthy
34.6,21.4,7441,80537,0.044,6,7230,Healthy
62.8,66.7,24384,56009,0.0291,4,3594,Warning
61.8,67.0,28102,11268,0.0175,6,3498,Warning
36.2,90.1,25556,65184,0.0168,3,2178,Warning
46.5,1.6,26360,91764,0.0127,3,9454,Healthy
38.2,85.3,44024,48499,0.0053,1,3307,Warning
51.1,52.1,16063,18667,0.0097,6,4546,Warning
50.1,62.1,18089,50745,0.0919,0,5132,Warning
53.1,9.1,19041,86952,0.0032,2,8919,Healthy
48.3,43.3,25119,49005,0.0156,5,5149,Warning
74.4,22.7,15879,5617,0.0403,1,7710,Healthy
34.7,25.4,18526,41206,0.0121,3,7128,Healthy
27.9,50.4,30283,10833,0.0186,4,5473,Warning
41.1,81.2,878,98338,0.0352,2,2706,Warning
29.3,74.4,36027,15422,0.0159,4,2769,Warning
30.1,59.1,6495,84553,0.0263,3,4912,Warning
35.0,53.9,34614,58361,0.0085,2,5342,Warning
35.8,42.7,6074,25817,0.0264,2,6067,Healthy
35.5,97.3,5250,72156,0.0008,4,858,Critical
50.2,56.0,12232,2977,0.0033,2,4566,Warning
39.9,25.4,49672,87378,0.0203,3,6608,Healthy
43.2,23.0,42911,6637,0.0119,2,7491,Healthy
53.9,61.1,18592,36144,0.0352,0,5764,Warning
37.3,52.3,37542,98846,0.0084,3,5279,Warning
42.4,0.8,36864,39097,0.0292,2,9636,Healthy
48.7,83.0,22566,9095,0.003,0,3338,Warning
25.6,70.4,9650,26402,0.0532,2,3515,Warning
21.2,66.2,35494,46761,0.0108,2,4151,Warning
48.5,6.9,33358,88766,0.0053,2,9381,Healthy
49.9,36.2,9587,7186,0.0311,1,6996,Healthy
65.6,93.5,10373,43609,0.0591,2,1333,Critical
46.6,86.3,31031,63539,0.05,2,3172,Warning
53.2,28.6,19855,60237,0.0054,3,7082,Healthy
43.0,15.7,13784,52302,0.0223,2,8091,Healthy
48.0,44.9,26848,95149,0.0158,2,5907,Warning
61.7,35.6,11466,97962,0.0258,4,6195,Healthy
23.8,68.2,31963,81697,0.0133,3,3713,Warning
49.1,96.6,28429,50529,0.0127,3,1823,Critical
66.4,36.3,48774,35154,0.0429,1,6605,Healthy
47.8,6.2,37857,67339,0.041,0,9200,Healthy
61.5,89.8,44889,51392,0.031,4,2027,Warning
38.7,3.8,26625,83532,0.0244,1,9579,Healthy
44.7,95.3,36248,65436,0.0227,5,1566,Critical
45.3,66.5,38557,88460,0.0012,1,4678,Warning
22.8,94.2,41471,73488,0.0277,4,1682,Critical
33.3,20.0,40341,26974,0.0203,2,7450,Healthy
34.0,4.1,1776,39386,0.0072,2,9643,Healthy
53.2,48.8,40658,97909,0.0343,0,6357,Healthy
53.7,45.1,5382,14926,0.0357,3,5839,Warning
48.2,33.1,26322,33835,0.0538,3,6629,Healthy
53.2,95.8,13476,31041,0.0108,2,1752,Critical
43.4,82.3,9531,75416,0.016,1,3439,Warning
57.0,66.2,33470,77840,0.0473,1,3914,Warning
45.1,16.3,2037,91592,0.0076,0,8807,Healthy
45.6,73.4,24605,5465,0.0319,0,4259,Warning
42.3,72.7,24701,66204,0.0965,2,3027,Warning
51.8,42.5,39680,44624,0.0211,2,6750,Healthy
40.8,92.5,29355,68707,0.0823,0,3224,Warning
54.8,16.7,1167,17262,0.0145,2,8888,Healthy
33.7,26.7,13501,30404,0.0033,0,8065,Healthy
34.0,6.3,38120,67968,0.0039,0,10000,Healthy
51.9,79.5,13572,14713,0.0263,4,2731,Warning
44.1,62.2,33247,33461,0.0,2,5322,Warning
40.5,31.5,25960,25339,0.0217,1,7309,Healthy
53.9,16.4,20231,30442,0.0033,1,7876,Healthy
38.9,4.0,5296,30825,0.0832,0,9374,Healthy
43.0,16.7,21616,92083,0.0036,3,8182,Healthy
59.0,45.3,22524,10707,0.0161,1,6215,Healthy
60.4,24.7,13981,96471,0.0221,1,7450,Healthy
60.7,25.9,30693,70652,0.0342,4,7487,Healthy
42.2,87.6,44987,73914,0.0123,6,2117,Warning
57.3,51.5,41605,15314,0.0543,4,4826,Warning
35.5,72.9,5359,18184,0.0131,1,3386,Warning
35.9,3.6,24950,36468,0.0058,2,9512,Healthy
21.5,36.5,44501,3873,0.018,2,6514,Healthy
61.7,47.9,31693,91185,0.0215,2,5574,Warning
36.4,18.6,10561,15678,0.0142,2,7759,Healthy
43.7,12.0,27784,26456,0.0264,1,9217,Healthy
35.9,87.0,35790,65183,0.0109,5,1567,Critical
52.0,93.9,29924,41192,0.0001,1,2056,Warning
41.2,7.9,3487,44619,0.0061,4,8427,Healthy
32.0,34.9,21926,92135,0.0583,3,6417,Healthy
49.4,95.8,14653,5491,0.0288,1,1463,Critical
30.7,8.3,42930,5702,0.0042,2,8775,Healthy
36.6,64.4,7059,20816,0.0014,0,4983,Warning
23.9,97.2,42815,30195,0.0086,3,1700,Critical
30.8,97.8,29479,4122,0.0362,2,984,Critical
46.8,47.1,22774,61237,0.0022,1,6319,Healthy
25.4,16.3,9659,57632,0.0157,3,8255,Healthy
30.2,20.2,32352,2110,0.0064,2,7453,Healthy
45.0,89.0,26204,42072,0.0259,2,2369,Warning
39.6,91.2,651,17488,0.0,2,1909,Critical
64.9,60.8,233,96362,0.0065,0,5462,Warning
63.3,76.6,6707,66656,0.0227,1,4045,Warning
36.3,74.0,11203,15835,0.0158,3,3682,Warning
50.6,66.2,43073,3102,0.0302,3,4577,Warning
52.5,82.7,29958,92795,0.0034,0,3518,Warning
39.0,68.5,39467,56125,0.0151,3,3926,Warning
30.0,53.4,13472,86220,0.0044,2,5510,Warning
44.9,23.7,37992,88958,0.0204,2,7422,Healthy
43.3,74.4,33928,98959,0.0028,2,3318,Warning
40.6,47.3,14148,81434,0.0032,3,5549,Warning
49.4,29.5,30523,93965,0.008,0,7501,Healthy
37.5,80.2,18670,61755,0.0103,1,3140,Warning
33.5,69.7,19149,60761,0.0138,2,4492,Warning
46.1,93.7,36038,16403,0.0174,4,1454,Critical
48.9,16.5,11019,11809,0.0127,3,7608,Healthy
33.2,64.9,31780,35983,0.0009,2,3955,Warning
54.3,24.4,49847,8570,0.0084,3,7480,Healthy
27.3,90.4,48451,33717,0.0013,1,3061,Warning
39.2,9.9,36974,95461,0.0025,1,8383,Healthy
42.4,65.6,36289,61805,0.0019,3,4316,Warning
38.6,79.1,16403,15606,0.0034,4,3248,Warning
39.3,35.5,35146,34337,0.0335,3,6253,Healthy
63.7,95.4,17648,4517,0.0198,2,1658,Critical
36.5,85.1,17101,29920,0.0141,2,3368,Warning
69.4,29.5,45920,94203,0.0264,2,7601,Healthy
49.4,0.8,32799,14082,0.065,3,9120,Healthy
45.9,29.7,28820,79903,0.0108,3,7137,Healthy
49.8,28.1,33318,84705,0.0092,3,7140,Healthy
70.3,89.0,10090,76263,0.0761,1,2882,Warning
35.1,96.7,12878,51051,0.0295,9,414,Critical
33.8,7.0,40240,81983,0.03,4,8400,Healthy
37.5,47.1,34760,77968,0.0183,1,5811,Warning
45.3,54.8,22012,11485,0.0141,1,5788,Warning
27.7,9.3,46230,6875,0.016,2,8912,Healthy
45.2,37.7,26898,16305,0.0211,0,6978,Healthy
61.9,31.7,3908,17607,0.0095,2,7244,Healthy
46.5,53.6,9576,42901,0.0305,3,5251,Warning
42.1,66.1,16706,73571,0.048,2,3892,Warning
38.8,70.3,29040,38088,0.0169,3,3620,Warning
54.0,13.7,23437,16970,0.0096,0,8522,Healthy
36.7,81.3,23520,24581,0.0238,2,2804,Warning
63.5,67.9,29690,7346,0.004,3,4419,Warning
64.3,88.9,29156,70185,0.0692,4,2887,Warning
47.6,44.9,1709,30425,0.0215,6,4884,Warning
44.9,89.4,29397,54489,0.0014,1,2471,Warning
55.3,86.6,27966,69248,0.0151,2,2592,Warning
55.9,43.8,34091,69958,0.0278,0,5638,Warning
36.9,38.1,2007,96580,0.0065,2,7284,Healthy
39.7,93.3,15078,98101,0.001,2,1752,Critical
31.8,71.5,26038,48197,0.0134,1,3976,Warning
49.1,92.8,11043,93101,0.0359,2,2255,Warning
51.7,79.7,5910,23194,0.0058,1,3426,Warning
31.5,60.9,45029,6542,0.0252,3,4518,Warning
40.4,11.6,46931,8513,0.0105,1,8968,Healthy
31.5,29.1,37805,31785,0.0012,2,6857,Healthy
36.0,96.9,22232,42946,0.0072,0,2229,Warning
50.5,31.9,17715,53179,0.0075,0,7819,Healthy
37.7,9.3,45128,90684,0.047,3,8445,Healthy
42.0,70.8,10039,58568,0.0801,3,3689,Warning
28.7,73.4,43618,4254,0.0047,1,4059,Warning
46.9,28.5,30054,11687,0.0113,2,7478,Healthy
44.6,29.8,837,37633,0.0752,1,7389,Healthy
37.7,46.9,20920,66582,0.0105,6,5125,Warning
43.1,2.2,48803,36997,0.0086,2,9130,Healthy
46.8,78.9,43011,55536,0.0023,4,2481,Warning
36.9,31.7,49781,48955,0.028,5,6552,Healthy
30.2,85.4,12421,96635,0.0118,4,2235,Warning
63.1,80.3,32667,5016,0.0204,2,3247,Warning
38.7,66.1,4518,67295,0.0143,1,4488,Warning
44.0,32.5,42264,23876,0.0038,1,6977,Healthy
55.1,51.6,2086,90176,0.0039,4,4896,Warning
80.0,44.5,33214,85353,0.0562,4,5053,Warning
32.6,33.9,38693,68545,0.0441,2,6808,Healthy
49.5,84.8,34083,45468,0.0189,3,2300,Warning
37.9,48.4,46758,12764,0.0,2,5879,Warning
39.6,83.3,43828,18446,0.0114,2,2908,Warning
37.8,10.5,22282,32135,0.0151,3,8661,Healthy
33.7,14.1,32089,76313,0.0119,0,8922,Healthy
44.6,97.7,33112,26865,0.0519,2,1929,Critical
30.3,58.8,46987,24959,0.0008,4,4692,Warning
54.5,51.0,23542,64413,0.0213,3,5181,Warning
45.6,52.3,11343,69705,0.0075,3,5386,Warning
49.2,21.5,232,96600,0.0164,4,7767,Healthy
40.3,71.9,15656,84901,0.0213,1,3969,Warning
41.3,8.5,17854,56850,0.0116,3,8920,Healthy
47.9,57.3,33955,17088,0.0032,3,4886,Warning
33.4,57.1,9939,15540,0.0146,1,5398,Warning
41.4,91.4,42951,17625,0.054,2,2409,Warning
36.4,52.6,46283,31259,0.0154,3,5519,Warning
36.1,13.7,20486,94106,0.0026,1,8176,Healthy
23.9,57.3,43320,73085,0.0348,1,5391,Warning
58.4,9.1,13928,81552,0.005,5,8457,Healthy
38.1,20.4,41178,37531,0.0092,2,8360,Healthy
56.6,3.1,35771,57489,0.0112,3,9247,Healthy
55.7,51.3,23306,5237,0.0083,3,5519,Warning
32.1,8.5,994,50757,0.0104,1,9068,Healthy
34.1,46.9,1365,82063,0.0317,1,5744,Warning
70.6,93.3,22907,10515,0.0051,1,2340,Warning
62.5,72.0,31243,60491,0.0127,0,4201,Warning
44.7,7.7,49614,37465,0.0004,1,9272,Healthy
47.6,22.4,10065,15595,0.0142,3,8278,Healthy
38.7,67.4,30512,15553,0.0024,2,4293,Warning
49.3,89.5,32329,88908,0.0066,1,2646,Warning
37.8,3.3,32848,32019,0.0079,1,9538,Healthy
24.7,81.2,41373,63886,0.0017,0,3630,Warning
31.8,56.2,18190,52837,0.0089,1,5341,Warning
45.2,54.6,40202,23563,0.0138,3,5077,Warning
33.7,95.8,28141,72342,0.0113,2,1885,Critical
44.3,74.8,13474,13073,0.0066,4,3423,Warning
34.3,85.0,46216,17748,0.007,2,2519,Warning
37.2,35.4,15475,92692,0.0201,3,6424,Healthy
53.5,55.4,2493,17441,0.0253,3,5298,Warning
47.5,61.5,11902,79054,0.0172,0,4970,Warning
44.9,32.2,36562,13588,0.0748,3,6501,Healthy
53.8,57.0,15011,86711,0.058,1,5234,Warning
49.8,23.7,20164,16624,0.0021,1,7756,Healthy
59.5,14.3,10755,82867,0.0061,0,8525,Healthy
40.4,37.4,41964,4319,0.0406,6,6042,Healthy
40.7,73.9,6510,96322,0.0006,3,3336,Warning
32.0,91.6,36265,11664,0.0179,3,2104,Warning
40.7,45.8,20481,33201,0.0618,4,5452,Warning
54.6,64.3,45899,82511,0.0227,2,4308,Warning
58.0,10.3,33778,49937,0.0019,5,8058,Healthy
54.6,90.4,23070,85341,0.0276,3,2133,Warning
27.1,56.9,26421,77534,0.0094,1,5595,Warning
55.8,78.0,18607,33369,0.0509,1,3602,Warning
26.6,79.4,18335,37103,0.0067,1,3890,Warning
54.0,25.6,47783,4735,0.0128,2,7371,Healthy
41.3,52.9,12963,12515,0.0275,1,5569,Warning
52.0,96.0,44825,15101,0.006,2,1553,Critical
31.7,9.0,1715,8009,0.004,4,8676,Healthy
56.7,68.3,10682,39984,0.0001,3,4249,Warning
30.4,96.2,27438,17418,0.0134,1,2305,Warning
38.3,30.1,9497,41475,0.0528,3,7216,Healthy
35.0,86.1,36894,42020,0.0066,2,2697,Warning
27.5,93.4,29755,36193,0.0009,8,1063,Critical
45.9,74.7,39737,27459,0.0194,6,3072,Warning
63.1,23.1,43739,1409,0.0012,1,8292,Healthy
71.7,33.4,18930,75641,0.0141,2,6913,Healthy
46.0,3.6,36180,80541,0.0096,1,9321,Healthy
56.2,83.1,8114,618,0.0129,2,3350,Warning
47.3,85.0,37887,29138,0.0036,4,2428,Warning
50.0,63.3,43161,69149,0.0019,1,4725,Warning
41.6,35.3,3316,80801,0.0276,1,6741,Healthy
47.0,7.7,21959,83911,0.0056,2,8954,Healthy
50.4,75.3,20153,18980,0.0322,4,3038,Warning
39.2,72.7,11322,8444,0.0284,1,3683,Warning
44.2,91.3,19008,35522,0.0044,5,1451,Critical
44.4,73.1,28793,91125,0.0478,1,4089,Warning
53.3,82.9,23982,49207,0.0035,3,2688,Warning
34.3,74.6,13703,98599,0.0319,2,3645,Warning
44.5,63.1,27983,55755,0.0109,0,4875,Warning
64.1,42.7,13440,67269,0.004,1,6104,Healthy
56.6,90.2,43802,87678,0.0556,1,2884,Warning
58.5,65.1,18445,29208,0.0661,3,4206,Warning
45.2,39.8,22787,31437,0.0143,0,7007,Healthy
48.2,8.3,29681,59323,0.0127,2,9045,Healthy
55.0,29.1,37493,38899,0.0462,0,7602,Healthy
60.6,54.4,28297,66165,0.0181,1,5285,Warning
25.5,27.6,8392,18655,0.0062,2,6906,Healthy
31.8,22.1,42373,21338,0.0111,4,6823,Healthy
58.1,52.7,3548,23654,0.0362,1,5795,Warning
42.2,17.0,19728,44535,0.0393,1,8708,Healthy
38.3,80.0,14778,30794,0.056,1,3722,Warning
32.5,48.4,38915,71309,0.0068,1,5886,Warning
39.4,57.4,26577,74733,0.0228,0,5185,Warning
31.0,14.7,1314,6128,0.0014,4,8202,Healthy
65.9,32.5,24090,46349,0.0259,1,7544,Healthy
44.8,41.0,20110,25914,0.0166,2,6819,Healthy
44.4,80.8,42426,70754,0.0057,3,2839,Warning
50.9,77.0,40743,19560,0.0213,1,3900,Warning
54.6,22.3,31664,596,0.0029,2,7956,Healthy
54.5,61.6,46787,84383,0.0081,2,4678,Warning
55.7,24.3,48093,96432,0.0102,2,7449,Healthy
38.7,98.8,44683,11558,0.03,1,2246,Warning
42.0,95.2,38347,12718,0.0074,2,2325,Warning
52.7,56.3,25178,17482,0.001,2,5046,Warning
39.7,69.9,272,60825,0.004,1,4430,Warning
44.9,80.1,17370,98317,0.0187,6,2555,Warning
49.0,72.1,28208,69999,0.0003,4,3622,Warning
52.9,70.0,16144,91040,0.0314,1,3893,Warning
27.2,95.9,6363,47122,0.0463,1,1809,Critical
52.1,59.6,20852,24177,0.0137,2,4766,Warning
42.7,63.6,11721,45241,0.0246,1,4808,Warning
52.1,84.9,42469,67360,0.0124,3,3124,Warning
52.8,67.0,7156,27666,0.0074,5,3197,Warning
61.1,73.3,21437,43874,0.0036,2,4069,Warning
58.5,23.4,14345,47408,0.0146,1,7532,Healthy
58.5,37.1,32776,90531,0.0532,3,6448,Healthy
59.4,14.7,48546,92128,0.0441,0,8227,Healthy
47.9,50.6,360,67375,0.0504,2,5915,Warning
45.3,45.6,1452,48816,0.0679,3,5768,Warning
53.7,99.7,5343,12786,0.0036,2,1744,Critical
52.3,61.1,42559,64039,0.0032,1,5156,Warning
41.9,78.6,45433,29735,0.0112,5,2616,Warning
49.0,33.4,19490,77631,0.0234,1,6586,Healthy
44.6,83.2,28294,60390,0.0116,3,2205,Warning
36.5,61.5,30947,26052,0.0446,3,4600,Warning
57.9,69.7,49783,14129,0.0253,1,4119,Warning
45.6,29.4,19304,46989,0.0201,2,7586,Healthy
65.5,54.9,266,59458,0.0015,6,4424,Warning
28.7,63.4,21410,59428,0.0039,1,4925,Warning
39.4,58.9,45391,95961,0.0112,2,5154,Warning
45.3,91.5,17539,38758,0.0749,1,2676,Warning
56.4,89.8,1354,13343,0.0081,3,2137,Warning
49.0,97.1,4386,98071,0.0199,2,1842,Critical
48.1,66.7,8109,24488,0.09,1,4621,Warning
33.7,97.2,4107,98719,0.0061,2,1896,Critical
33.4,83.2,15092,99022,0.0036,0,2808,Warning
48.2,27.1,40626,33801,0.0158,3,6570,Healthy
31.4,42.7,9823,81013,0.0161,2,5984,Warning
39.7,23.8,28204,8451,0.051,0,8325,Healthy
50.0,0.4,14690,92107,0.0005,1,9774,Healthy
35.2,18.8,15738,75601,0.0105,3,8363,Healthy
61.1,0.4,45102,29215,0.0075,1,10000,Healthy
57.2,72.0,46879,53475,0.0169,1,3629,Warning
29.3,42.6,25648,61793,0.0002,3,6302,Healthy
35.7,31.3,40757,49716,0.0248,1,6911,Healthy
22.1,76.2,12116,37609,0.0133,1,4194,Warning
37.2,83.2,48283,38350,0.0241,3,2872,Warning
52.7,97.5,4844,47164,0.0119,4,1817,Critical
40.9,64.2,24781,77370,0.0129,0,5016,Warning
49.6,46.2,42664,92336,0.0452,2,5860,Warning
29.8,30.5,44833,19869,0.0047,2,7198,Healthy
53.0,22.2,37155,90437,0.0049,0,7957,Healthy
39.4,21.3,33870,60716,0.0164,2,7944,Healthy
45.1,40.9,46457,21139,0.0216,3,6141,Healthy
44.1,99.2,30339,64805,0.0088,0,2225,Warning
32.3,0.1,30994,83424,0.0147,3,9313,Healthy
33.5,19.7,30565,19006,0.0052,0,8157,Healthy
54.7,18.8,13022,64125,0.0029,2,8088,Healthy
49.0,71.7,184,78802,0.0054,1,3805,Warning
55.5,35.2,45883,72732,0.0496,2,6460,Healthy
48.2,45.7,15473,63266,0.0324,1,5732,Warning
46.4,14.9,5256,4481,0.003,1,8568,Healthy
27.7,40.5,40062,82891,0.001,3,6197,Healthy
42.3,10.3,38651,20289,0.002,0,9008,Healthy
44.7,53.3,38563,808,0.0069,3,5240,Warning
64.5,9.8,45225,93546,0.0334,2,8756,Healthy
51.9,79.1,49405,95408,0.0078,1,3365,Warning
60.4,56.7,9753,73743,0.0041,2,5388,Warning
51.0,72.4,22898,81558,0.0101,4,3213,Warning
37.9,41.9,23168,36315,0.0026,1,6352,Healthy
46.2,38.1,34887,26997,0.0127,3,6426,Healthy
47.4,9.8,25773,96560,0.0225,1,9214,Healthy
35.6,52.4,16255,44459,0.0092,2,5085,Warning
41.2,51.5,670,35285,0.0038,1,5716,Warning
42.9,46.8,40790,13866,0.0121,2,5824,Warning
61.1,74.1,16300,38149,0.0288,0,4255,Warning
24.2,83.3,11869,27428,0.0016,2,2751,Warning
57.1,75.1,39021,86617,0.0015,1,3799,Warning
35.6,14.4,19175,24605,0.0077,3,8729,Healthy
31.3,62.2,24153,20343,0.0107,0,4888,Warning
56.8,8.0,10401,71470,0.0049,0,9688,Healthy
52.3,69.5,5607,33839,0.0005,1,4136,Warning
57.5,38.2,37737,86009,0.005,0,6903,Healthy
53.0,13.2,48459,77671,0.0114,1,8613,Healthy
65.6,86.2,3755,66632,0.0017,2,2398,Warning
50.6,61.4,16447,21957,0.0252,1,4562,Warning
43.4,35.5,22153,98451,0.0161,0,7342,Healthy
48.4,3.1,2592,50722,0.0114,1,9390,Healthy
57.4,53.7,12404,94357,0.0146,1,5271,Warning
37.2,92.3,39380,80870,0.0213,1,2192,Warning
38.5,59.6,31503,86745,0.1052,2,4242,Warning
41.9,97.2,48111,69407,0.0298,0,2008,Warning
24.0,13.6,41642,657,0.0155,3,8231,Healthy
46.4,56.8,37218,82068,0.0294,0,5136,Warning
26.1,79.8,10982,58766,0.0129,1,3494,Warning
45.5,52.6,37524,3818,0.0074,2,5344,Warning
53.7,9.1,8611,79498,0.0061,3,8448,Healthy
40.2,58.3,20799,60190,0.0102,3,4778,Warning
61.8,61.2,21278,74993,0.0,1,4904,Warning
30.4,72.9,17921,77879,0.0039,1,4183,Warning
56.9,76.1,16515,68648,0.0027,1,3311,Warning
51.8,77.1,814,21446,0.0645,3,3632,Warning
27.8,66.3,47957,12520,0.0013,2,4217,Warning
72.1,21.6,9331,78809,0.0139,1,8302,Healthy
44.4,40.4,16892,30747,0.0504,1,6179,Healthy
36.2,77.6,48031,943,0.0187,3,3171,Warning
30.9,95.3,48876,39241,0.0137,2,1843,Critical
42.8,7.9,7446,17788,0.0272,3,8867,Healthy
43.7,53.6,40906,3410,0.0087,2,5744,Warning
46.0,31.3,24224,44669,0.0043,2,7113,Healthy
42.0,22.5,24148,17809,0.0376,3,7402,Healthy
51.3,50.6,21515,77949,0.0012,1,5768,Warning
41.1,60.6,17611,14765,0.033,5,3455,Warning
25.7,1.0,41766,94999,0.0022,1,9593,Healthy
43.5,78.0,12131,95941,0.0196,2,2719,Warning
21.3,82.0,11315,24735,0.013,6,2516,Warning
48.5,96.6,11951,55582,0.1306,1,2191,Warning
35.2,18.1,33650,58595,0.0098,3,8128,Healthy
46.6,59.5,38168,75462,0.0631,1,4734,Warning
58.1,42.7,1278,3422,0.0103,7,4776,Warning
35.5,33.5,2506,58506,0.0229,2,7182,Healthy
55.6,56.6,46414,40823,0.0206,3,5609,Warning
40.7,78.2,19291,96127,0.0018,2,3529,Warning
62.5,2.3,45320,28271,0.0272,4,9444,Healthy
41.3,96.9,19248,10276,0.0047,1,2098,Warning
36.6,81.0,31246,66955,0.0098,5,2424,Warning
51.9,75.1,2824,38272,0.0305,3,3872,Warning
40.6,76.0,35403,53871,0.0578,2,3442,Warning
36.6,38.9,10240,21454,0.0164,1,6967,Healthy
40.2,75.2,22784,21337,0.0147,4,3130,Warning
44.6,38.7,24340,75994,0.0141,2,6402,Healthy
58.4,89.9,19630,6075,0.0339,2,2316,Warning
25.7,17.7,23062,51605,0.0996,4,7809,Healthy
45.2,29.2,1301,52220,0.0201,1,7316,Healthy
51.2,55.1,10111,73981,0.0095,3,5603,Warning
46.9,31.9,35757,54580,0.0049,2,7132,Healthy
58.1,42.4,49896,76899,0.0044,0,6549,Healthy
44.3,49.2,10651,81893,0.0388,1,5619,Warning
43.2,85.6,20706,32809,0.0975,3,2626,Warning
50.9,52.3,12764,23454,0.0239,2,4715,Warning
46.0,36.2,48572,50094,0.0624,3,6381,Healthy
41.1,24.8,4420,33868,0.0086,4,7444,Healthy
50.2,40.9,3188,93778,0.0198,1,6170,Healthy
38.5,51.6,41556,78170,0.0143,5,4977,Warning
38.9,74.6,43076,12080,0.0132,1,3965,Warning
39.7,12.1,8764,21466,0.02,2,8526,Healthy
58.5,22.2,42948,82073,0.0074,2,7863,Healthy
20.0,38.0,40793,68822,0.0205,2,6518,Healthy
49.0,36.0,1260,85115,0.0223,2,6419,Healthy
45.3,39.2,10814,15731,0.0362,4,6542,Healthy
28.2,79.4,4412,12340,0.0262,0,3754,Warning
48.1,32.4,41255,2552,0.0077,1,7166,Healthy
49.8,50.2,20945,33899,0.012,1,5763,Warning
50.9,62.4,19250,69478,0.0026,7,3872,Warning
20.0,23.2,35315,2254,0.0059,1,7405,Healthy
58.7,71.9,22128,75806,0.0147,2,3783,Warning
37.6,54.7,31409,79535,0.0021,3,4644,Warning
51.9,44.7,37177,66025,0.0169,2,6235,Healthy
52.4,81.0,43448,525,0.0099,3,3140,Warning
36.2,24.3,41178,90366,0.0007,3,7358,Healthy
51.6,88.3,36364,10901,0.0114,0,3064,Warning
41.1,56.1,34584,7053,0.0066,3,5027,Warning
24.3,60.9,27559,71795,0.0014,4,4820,Warning
56.7,87.5,21421,8255,0.0069,4,2363,Warning
37.2,81.8,48600,79420,0.007,3,2513,Warning
36.5,60.2,34540,95964,0.0088,2,4560,Warning
41.0,75.3,42262,93514,0.0091,1,3801,Warning
47.7,43.3,1555,34397,0.0112,1,5710,Warning
44.4,54.7,14131,45564,0.0019,3,5368,Warning
50.5,6.2,46100,98410,0.0001,1,9412,Healthy
31.6,9.0,23029,86565,0.0266,5,7763,Healthy
37.6,82.9,32237,38909,0.0082,0,3346,Warning
43.8,6.0,49208,98404,0.019,3,9691,Healthy
64.0,16.9,39894,55549,0.0073,0,8483,Healthy
43.9,79.6,29337,47169,0.0829,2,2715,Warning
55.9,0.1,48306,14871,0.0076,4,9019,Healthy
45.4,28.2,36846,73405,0.0186,0,7204,Healthy
40.2,58.4,2571,69931,0.005,1,5204,Warning
42.5,59.5,41177,80489,0.0146,1,4710,Warning
43.3,77.7,467,5297,0.0173,4,3162,Warning
51.0,50.6,13517,46309,0.004,0,6023,Healthy
58.7,50.9,3474,67864,0.0026,1,5524,Warning
48.6,72.5,6873,75763,0.0727,2,3283,Warning
56.9,49.9,14305,78553,0.0447,3,5459,Warning
35.4,60.8,36680,17443,0.0216,1,4935,Warning
40.9,89.8,22469,27331,0.0395,3,1717,Critical
37.8,40.1,18681,42544,0.002,1,6349,Healthy
48.1,38.5,47219,25314,0.0261,6,5226,Warning
41.4,0.4,33768,74086,0.0067,3,9090,Healthy
52.3,61.3,16676,60758,0.0155,2,4604,Warning
35.7,3.0,2870,59939,0.0289,2,9136,Healthy
45.4,50.4,44408,75699,0.0007,3,4991,Warning
51.9,80.4,38048,72936,0.0237,1,3443,Warning
24.3,55.0,48176,38855,0.0114,1,5545,Warning
66.2,27.0,39547,87832,0.0116,2,7652,Healthy
42.2,78.6,3706,59889,0.0476,0,4156,Warning
24.7,27.0,14778,16284,0.0393,0,7924,Healthy
46.6,73.3,33125,4183,0.0012,2,3431,Warning
45.3,61.0,14488,74432,0.0193,2,4513,Warning
44.2,17.0,17134,7847,0.0114,1,8534,Healthy
54.9,90.5,43378,86020,0.0025,0,2870,Warning
52.5,20.1,31020,43597,0.0381,2,7688,Healthy
48.0,99.0,35293,89063,0.0015,1,2142,Warning
49.5,0.7,15111,83633,0.0007,1,9389,Healthy
44.0,26.3,32447,56999,0.0044,0,7427,Healthy
62.8,20.0,31354,14572,0.0072,3,7965,Healthy
30.2,1.4,33265,12526,0.0013,1,9479,Healthy
46.4,73.2,11206,53332,0.0205,3,3355,Warning
45.7,69.3,21886,41466,0.0115,2,3854,Warning
53.1,79.2,17044,31541,0.0106,0,3691,Warning
36.6,25.7,8481,97023,0.0031,1,7631,Healthy
27.6,44.4,41264,69534,0.0115,3,5825,Warning
46.6,65.9,11307,32756,0.0099,3,4351,Warning
47.8,44.0,28815,15405,0.0097,2,5918,Warning
59.9,69.7,3471,90875,0.0049,0,4553,Warning
32.3,63.4,31459,68173,0.002,5,4380,Warning
56.5,11.5,35909,81982,0.006,0,8737,Healthy
68.7,78.1,6944,90544,0.022,2,3718,Warning
41.2,72.1,42765,54600,0.0015,0,3947,Warning
32.1,65.6,21882,81656,0.0096,2,4111,Warning
40.9,15.5,49964,80859,0.0144,2,7884,Healthy
45.1,26.8,36324,71496,0.066,2,7218,Healthy
50.6,39.3,10976,40166,0.0371,0,6922,Healthy
39.1,28.0,23431,78758,0.0497,3,7318,Healthy
60.6,22.8,37274,90730,0.0343,3,7823,Healthy
33.9,80.5,46033,73250,0.0178,2,2508,Warning
27.6,63.8,44659,97947,0.0394,3,3745,Warning
56.1,56.5,13244,13810,0.0167,3,4940,Warning
22.3,22.6,7749,90091,0.0089,1,8135,Healthy
43.0,91.8,36745,80910,0.0093,1,2740,Warning
76.2,19.1,38519,28443,0.0167,1,8351,Healthy
44.9,79.5,12918,32417,0.0332,0,3240,Warning
33.8,96.7,36980,55166,0.0029,0,1973,Critical
44.4,72.7,31873,2202,0.0008,2,3813,Warning
44.5,99.3,37433,58373,0.0312,0,1585,Critical
46.6,65.1,25230,20558,0.0209,2,4075,Warning
51.6,21.7,26816,41762,0.0344,4,7392,Healthy
34.6,20.4,37845,15037,0.0752,0,8215,Healthy
61.9,32.5,31397,78295,0.0058,1,7189,Healthy
47.5,0.7,19162,81928,0.0043,1,9823,Healthy
52.3,68.2,29592,21135,0.0083,4,3304,Warning
38.7,26.9,41643,29044,0.0421,3,7225,Healthy
57.9,81.5,21425,66049,0.0003,3,2486,Warning
42.4,35.9,10288,52455,0.0002,0,7093,Healthy
47.8,48.0,941,37808,0.0049,2,5934,Warning
35.7,96.6,10667,74126,0.0094,2,1979,Critical
35.0,24.2,36906,2669,0.0072,2,7352,Healthy
51.9,72.1,34672,10923,0.0348,4,3060,Warning
40.6,75.5,9021,43303,0.0234,2,3972,Warning
36.5,22.1,4449,94488,0.0364,4,7614,Healthy
38.6,50.1,9755,8517,0.0097,1,5720,Warning
52.0,35.0,47774,44178,0.0181,2,7130,Healthy
38.7,77.2,14979,57892,0.0145,1,3564,Warning
43.8,62.2,5046,33448,0.0129,4,4892,Warning
45.2,47.6,43227,92029,0.0068,2,5707,Warning
25.8,77.9,23602,77647,0.0247,2,4080,Warning
30.3,23.5,29593,32719,0.0148,2,7755,Healthy
48.4,75.4,6757,31360,0.0016,2,3204,Warning
37.6,86.5,48857,21563,0.0,5,2087,Warning
55.6,87.9,13366,48074,0.0004,0,3181,Warning
54.7,78.4,6340,80101,0.0016,2,3334,Warning
52.2,40.8,21450,24824,0.0093,1,6351,Healthy
63.2,98.2,42453,67322,0.0073,1,2018,Warning
44.2,38.0,48644,42166,0.0034,2,6748,Healthy
51.5,63.9,16740,25369,0.0145,1,4467,Warning
39.2,16.1,32995,71664,0.0703,4,7823,Healthy
69.5,98.0,42442,29593,0.0035,5,853,Critical
64.8,70.4,29951,47150,0.0058,0,4471,Warning
45.1,75.3,12020,66696,0.0124,2,3279,Warning
48.9,6.6,14492,48516,0.0205,2,9123,Healthy
58.6,76.3,15017,20062,0.0183,3,3616,Warning
43.5,77.5,30743,69425,0.0147,4,3189,Warning
38.4,67.2,29327,56053,0.0267,2,4124,Warning
53.7,29.2,23351,57779,0.0374,3,6634,Healthy
45.8,49.0,24338,36108,0.1375,4,5151,Warning
46.8,11.0,27823,61340,0.0125,1,8793,Healthy
36.7,47.2,35073,11270,0.1058,3,5529,Warning
27.8,24.4,28856,55961,0.0262,2,7656,Healthy
47.4,34.9,8613,27127,0.0214,4,6265,Healthy
54.0,16.3,43416,6646,0.0204,1,8273,Healthy
42.7,23.0,30325,88981,0.0483,1,8038,Healthy
59.4,7.7,4479,60253,0.0591,1,9589,Healthy
38.0,92.0,40935,90980,0.0039,0,2693,Warning
34.5,53.0,11405,52579,0.0136,2,5322,Warning
44.3,39.7,31822,58574,0.0568,3,6478,Healthy
44.2,53.5,12248,83316,0.0096,2,5233,Warning
52.7,62.8,13001,63007,0.0053,0,5356,Warning
37.3,92.2,10988,23751,0.0022,0,2862,Warning
58.7,17.9,30199,95271,0.0182,1,7533,Healthy
64.7,29.6,42576,32396,0.0241,3,7133,Healthy
44.6,97.6,44353,39613,0.0044,0,2007,Warning
57.5,37.1,20808,54211,0.0224,4,6445,Healthy
34.4,2.3,46985,13822,0.046,3,8689,Healthy
55.8,14.8,27721,8247,0.0056,0,8793,Healthy
55.5,2.6,30101,98248,0.0026,1,9536,Healthy
53.6,99.0,32671,59197,0.0361,2,1527,Critical
44.8,27.9,14320,36403,0.0496,2,7622,Healthy
20.0,92.4,24794,68313,0.0048,3,2851,Warning
38.6,99.6,16321,41470,0.0256,0,2083,Warning
38.7,60.0,39949,67692,0.0179,1,5380,Warning
35.2,3.3,2471,42707,0.0055,3,9531,Healthy
46.2,8.2,37884,51312,0.0347,3,9440,Healthy
40.8,48.2,39170,32903,0.0127,3,5767,Warning
36.8,40.6,39250,35031,0.0241,0,6974,Healthy
34.4,60.6,45475,64509,0.0072,1,4908,Warning
37.8,43.9,44320,15913,0.0338,2,5770,Warning
56.2,93.4,22936,41133,0.0061,4,2063,Warning
38.4,53.5,27261,72946,0.0091,4,4750,Warning
39.9,69.4,21280,60532,0.0099,2,3440,Warning
40.4,89.6,15965,35885,0.0046,1,3082,Warning
48.4,14.7,18925,91540,0.0415,3,8130,Healthy
49.6,23.0,27375,74137,0.0024,1,8065,Healthy
20.0,10.7,1117,51078,0.0166,4,7996,Healthy
55.2,14.0,20985,74103,0.0337,0,9109,Healthy
59.4,51.3,35915,28735,0.0174,0,5803,Warning
34.5,32.1,46360,71244,0.0079,2,7077,Healthy
35.3,42.3,10360,80964,0.0304,0,6771,Healthy
40.5,98.2,46762,76461,0.0138,4,1310,Critical
37.4,15.7,11957,28985,0.0036,4,7730,Healthy
47.2,54.1,37118,98559,0.0076,4,4870,Warning
25.5,9.9,29330,13682,0.0179,3,8481,Healthy
33.8,31.8,24869,72258,0.0215,3,6026,Healthy
60.4,52.8,40259,14980,0.0159,1,5578,Warning
35.7,94.7,35314,57460,0.0063,0,2684,Warning
57.4,39.1,32592,51713,0.018,3,5708,Warning
48.6,6.5,23607,63594,0.0081,2,9267,Healthy
26.9,38.8,43579,45557,0.0051,2,6685,Healthy
51.4,14.6,22779,35561,0.0582,0,9139,Healthy
43.8,23.0,44987,84045,0.0076,2,7840,Healthy
40.4,61.8,3787,16289,0.0082,2,4579,Warning
47.4,6.7,49235,99375,0.0454,4,8617,Healthy
49.7,46.5,7964,29607,0.0031,1,6039,Healthy
52.1,60.9,6227,26787,0.0176,1,4557,Warning
56.8,42.2,29573,15514,0.0306,2,6083,Healthy
49.1,1.9,49804,9074,0.0064,1,9788,Healthy
31.2,98.6,13934,39097,0.0372,3,1453,Critical
40.3,36.7,9021,17967,0.0294,2,6498,Healthy
74.4,77.9,28673,43977,0.0133,1,3584,Warning
52.2,32.6,37976,87950,0.0025,3,6572,Healthy
68.7,47.5,4366,54854,0.0702,0,6179,Healthy
59.0,38.8,37813,78397,0.0196,3,6405,Healthy
47.4,34.3,9085,65465,0.0146,1,7090,Healthy
48.0,2.2,22168,85917,0.0433,2,9078,Healthy
44.6,36.0,24800,22380,0.0109,2,6966,Healthy
27.6,88.9,8466,27751,0.0166,2,2230,Warning
45.2,69.0,35419,53046,0.0391,2,4048,Warning
57.1,14.5,3948,44516,0.01,1,9035,Healthy
39.0,59.1,30572,27389,0.0296,2,4332,Warning
49.1,89.2,3556,26479,0.0059,2,2204,Warning
53.5,70.0,19242,62016,0.0242,2,3994,Warning
35.9,14.9,12131,49241,0.0143,2,8251,Healthy
40.5,86.8,20239,65535,0.0036,1,2407,Warning
34.8,30.2,20126,57633,0.0029,2,7199,Healthy
36.8,45.4,40987,13860,0.0122,2,5295,Warning
32.1,52.6,28877,98638,0.0248,1,6219,Healthy
36.0,85.1,43030,67439,0.0185,2,3042,Warning
59.2,93.2,1760,36588,0.0386,2,1848,Critical
35.8,93.0,27251,80818,0.0099,2,2061,Warning
46.3,0.8,24713,14520,0.0371,3,8821,Healthy
40.0,92.2,29166,7920,0.0008,2,2632,Warning
56.8,5.4,13308,89559,0.0091,1,9400,Healthy
58.1,26.6,43584,34137,0.0015,1,7263,Healthy
53.6,51.5,45877,39710,0.0503,0,5719,Warning
48.1,48.0,20060,31953,0.0129,7,4962,Warning
42.7,60.5,30802,9775,0.0076,0,5323,Warning
33.1,47.9,22942,30552,0.0136,0,6321,Healthy
64.4,93.4,11827,97097,0.0152,4,1748,Critical
37.4,24.1,46789,34241,0.0374,2,6953,Healthy
51.6,27.4,32489,32113,0.0156,1,8327,Healthy
55.6,92.1,26904,91837,0.0113,3,1919,Critical
39.4,7.7,13121,48662,0.0651,3,8825,Healthy
55.4,61.0,44101,96266,0.0692,2,5153,Warning
52.6,68.2,19192,32699,0.0008,1,4415,Warning
62.3,50.6,29015,18072,0.0245,2,5972,Warning
40.3,69.4,45468,5647,0.0093,0,4784,Warning
32.1,17.3,10601,3943,0.0225,1,8873,Healthy
39.9,85.3,41290,95021,0.0203,2,2944,Warning
47.1,14.0,15839,71720,0.008,4,7978,Healthy
45.6,40.1,43753,14095,0.0863,1,6361,Healthy
41.1,7.5,7576,67357,0.0088,1,9734,Healthy
25.9,54.5,8031,15310,0.02,0,5566,Warning
49.7,67.0,13799,7240,0.0336,4,4098,Warning
64.7,94.1,2904,33212,0.0031,1,2087,Warning
49.6,73.9,49004,5968,0.0071,2,3563,Warning
51.1,54.1,38443,79554,0.0044,2,5320,Warning
50.7,93.3,11875,13204,0.0304,3,1778,Critical
49.0,47.8,43549,66474,0.0323,1,5752,Warning
54.3,56.1,47786,66200,0.0059,0,5416,Warning
49.0,59.6,45974,6178,0.0001,0,5454,Warning
41.9,41.0,31686,65382,0.011,4,5760,Warning
37.0,83.8,707,57487,0.0232,1,3079,Warning
42.5,18.5,31729,36605,0.0195,3,8410,Healthy
48.1,55.5,37486,17871,0.0118,3,5115,Warning
41.8,72.2,14189,35797,0.0072,4,3813,Warning
48.1,90.4,48436,87032,0.0129,7,1439,Critical
49.4,88.4,29808,29253,0.0003,0,2894,Warning
53.3,50.9,37125,86265,0.0015,3,5788,Warning
57.8,64.3,48799,6256,0.0036,4,3652,Warning
45.8,39.4,48662,41373,0.0196,1,6886,Healthy
31.9,46.8,10323,61130,0.0049,2,6239,Healthy
41.5,90.6,49453,25103,0.011,3,1688,Critical
45.4,93.1,23043,23808,0.0194,0,2343,Warning
26.6,89.5,21615,31756,0.0355,2,2475,Warning
58.9,13.8,29719,56314,0.016,2,8620,Healthy
46.4,85.0,34232,33461,0.0039,4,2728,Warning
48.8,94.8,851,91203,0.0606,1,1818,Critical
58.7,36.1,46105,52141,0.0019,2,6497,Healthy
38.7,51.9,47576,26933,0.0091,3,5721,Warning
50.7,77.9,40413,30231,0.0508,2,3569,Warning
43.9,56.2,5444,6901,0.0184,1,5469,Warning
43.2,99.3,34073,18945,0.0217,2,1632,Critical
37.3,45.6,9612,75918,0.0072,1,6133,Healthy
61.7,71.4,36755,61512,0.0016,3,3954,Warning
41.2,79.3,34198,72319,0.0091,0,3899,Warning
52.0,49.4,8722,26470,0.0103,0,6068,Healthy
26.2,85.7,37551,63390,0.0063,1,2555,Warning
56.8,54.6,18758,11860,0.0049,2,4826,Warning
55.5,41.2,36233,55113,0.0088,5,5943,Warning
46.0,10.8,17747,64857,0.0204,3,8639,Healthy
42.7,39.3,20720,32735,0.0595,3,6109,Healthy
49.0,73.4,37167,81895,0.0243,0,3659,Warning
67.9,92.1,3833,73635,0.0302,4,2200,Warning
27.4,25.2,29775,10928,0.0073,1,7595,Healthy
52.8,35.5,1765,47685,0.0022,4,6243,Healthy
35.9,15.4,960,69919,0.0069,6,7515,Healthy
44.8,69.1,27718,85671,0.0103,6,2906,Warning
42.5,96.0,28016,38321,0.0234,2,1488,Critical
40.7,64.1,11781,48501,0.0561,0,4874,Warning
44.9,61.7,16620,78160,0.0331,0,5418,Warning
33.7,55.3,22231,85434,0.0062,1,6103,Healthy
55.3,8.8,22978,94098,0.0343,2,9033,Healthy
27.1,73.0,11524,99932,0.0106,0,4710,Warning
50.4,60.2,38654,40133,0.0039,2,4968,Warning
41.7,66.1,26896,88892,0.0124,1,4859,Warning
33.3,89.9,9445,14907,0.0166,1,2588,Warning
47.0,78.4,27586,18580,0.0288,0,3801,Warning
29.4,78.1,22684,74360,0.0086,1,3672,Warning
45.4,92.7,27086,7907,0.0032,2,2213,Warning
30.8,99.0,11698,40513,0.002,2,1582,Critical
49.6,58.1,8425,37933,0.0024,1,5375,Warning
35.8,10.9,18545,64448,0.0599,2,8555,Healthy
40.5,45.9,37246,4720,0.0606,3,5796,Warning
47.9,78.8,43913,62974,0.0693,3,2963,Warning
37.3,2.8,3830,77767,0.0072,4,9439,Healthy
44.4,5.7,11784,77216,0.0043,4,9112,Healthy
29.9,6.7,38990,23054,0.0792,3,8613,Healthy
51.3,73.1,34663,78530,0.0889,3,3384,Warning
62.6,50.1,10141,77521,0.0016,2,5494,Warning
72.9,36.9,8287,66347,0.0279,2,6670,Healthy
45.9,10.6,37708,93041,0.0068,2,8120,Healthy
52.9,73.2,32724,26861,0.048,1,4032,Warning
27.2,32.1,11019,81603,0.0019,4,6217,Healthy
60.0,26.5,3826,16480,0.0439,3,7062,Healthy
52.8,65.2,31816,87974,0.0001,1,4770,Warning
40.2,55.9,33127,51248,0.0148,4,5236,Warning
57.4,36.2,1943,66157,0.0082,2,6651,Healthy
42.5,64.1,13854,34018,0.0111,2,4587,Warning
40.4,27.1,28953,49757,0.0114,3,6879,Healthy
49.8,79.5,2380,7434,0.0212,2,3113,Warning
34.4,22.9,25631,75287,0.0005,1,7724,Healthy
55.2,15.9,29888,96281,0.0235,2,8372,Healthy
34.4,78.2,7896,78395,0.0004,1,3223,Warning
34.5,70.8,4667,13355,0.0041,4,3880,Warning
35.9,18.3,30311,18128,0.0187,4,7513,Healthy
52.6,11.6,9400,90687,0.0018,1,8796,Healthy
38.8,83.8,32250,23749,0.094,0,2978,Warning
31.5,77.7,1355,36550,0.0307,0,3377,Warning
38.9,32.7,31928,2775,0.0245,3,6269,Healthy
44.7,65.8,6562,86228,0.0062,2,3617,Warning
33.2,12.4,43300,1265,0.001,3,8367,Healthy
33.5,50.7,18142,54234,0.0771,2,5766,Warning
66.1,1.9,27660,83917,0.0032,3,9097,Healthy
36.4,39.2,19132,95537,0.0355,2,6045,Healthy
41.8,7.5,47810,38334,0.0044,2,8753,Healthy
41.3,47.5,12250,99293,0.0094,2,5698,Warning
40.8,42.2,3471,27499,0.0237,5,5380,Warning
51.2,44.4,19913,39642,0.0581,2,6268,Healthy
54.5,4.5,7720,77919,0.0004,0,10000,Healthy
41.9,36.2,3032,9795,0.006,0,7021,Healthy
32.6,75.6,21570,93893,0.029,1,3232,Warning
57.7,36.9,9878,57429,0.0038,1,6540,Healthy
44.0,71.5,23133,30367,0.0024,3,3633,Warning
62.3,36.9,10404,6786,0.0009,2,6232,Healthy
22.5,42.3,8219,26790,0.014,2,6198,Healthy
47.0,56.4,47425,4649,0.0292,3,4978,Warning
64.2,95.1,14507,60087,0.0653,1,2068,Warning
41.5,10.9,5083,68381,0.0062,2,8717,Healthy
42.7,3.3,2621,22433,0.0026,0,9446,Healthy
48.0,60.8,19186,74806,0.0103,1,4701,Warning
39.4,94.9,49270,18582,0.0011,4,1587,Critical
41.9,99.0,49211,11363,0.0081,2,1512,Critical
41.6,48.4,883,7484,0.0206,2,5709,Warning
38.7,46.8,42766,55689,0.0037,3,5314,Warning
57.3,64.5,16898,93539,0.02,2,3971,Warning
49.6,55.6,8655,38524,0.0715,0,5410,Warning
47.5,63.4,10867,49930,0.0399,3,4629,Warning
53.1,87.4,1203,67504,0.0088,2,2119,Warning
42.4,74.6,5409,9632,0.0109,3,3834,Warning
37.3,49.7,34039,35586,0.0109,4,5652,Warning
39.0,46.2,8734,14962,0.0393,3,5097,Warning
45.0,64.0,39276,46849,0.1018,1,4959,Warning
34.4,45.6,12235,22823,0.035,2,5504,Warning
40.0,45.8,32144,18667,0.0163,0,6454,Healthy
39.8,1.6,21045,10567,0.002,3,9735,Healthy
66.2,17.4,46578,56282,0.0618,2,8259,Healthy
20.0,48.9,39504,62487,0.0393,5,5213,Warning
43.2,82.3,2689,3726,0.0368,1,3424,Warning
62.3,27.9,10131,77956,0.0099,2,8288,Healthy
46.2,52.3,9795,26061,0.0119,1,5426,Warning
52.5,34.5,15627,37238,0.0025,2,7210,Healthy
46.0,10.5,5822,76294,0.0556,2,8325,Healthy
38.3,95.8,46270,32155,0.0574,1,1713,Critical
22.6,85.5,49974,19354,0.0059,1,3065,Warning
47.1,7.8,941,55546,0.0238,2,9236,Healthy
37.2,72.0,18831,49175,0.0046,4,3621,Warning
37.0,34.8,745,86214,0.01,3,6489,Healthy
40.0,99.5,32216,85311,0.0072,3,1320,Critical
62.4,30.2,41083,75911,0.0099,3,6717,Healthy
69.0,23.9,29502,44633,0.0074,2,7775,Healthy
47.2,56.8,49258,36415,0.0085,0,5604,Warning
40.4,83.5,31849,63888,0.0313,1,3425,Warning
33.2,19.3,36569,78289,0.0071,4,7226,Healthy
49.7,70.9,14008,29237,0.0337,2,4989,Warning
62.8,6.1,42331,8401,0.0168,4,8354,Healthy
42.5,91.9,45321,83594,0.0303,1,2125,Warning
21.2,8.1,12815,85369,0.0502,1,9053,Healthy
51.7,91.4,38498,10501,0.003,0,2683,Warning
54.9,49.1,48770,91048,0.0084,0,6251,Healthy
29.1,44.8,35424,95497,0.0011,1,6407,Healthy
46.8,97.3,19438,32311,0.0104,1,2198,Warning
49.5,99.0,7487,99038,0.0054,5,1520,Critical
44.3,65.0,23272,96446,0.017,2,4680,Warning
37.1,12.7,26275,59989,0.0306,2,8167,Healthy
55.2,50.6,30895,38396,0.0133,1,5622,Warning
41.0,52.9,42726,95634,0.0081,1,5378,Warning
30.1,51.4,46498,61419,0.0033,0,5824,Warning
24.5,56.9,37529,41427,0.0005,3,5223,Warning
57.6,1.9,3901,99030,0.0227,4,9257,Healthy
51.2,71.1,7513,96484,0.0006,3,3676,Warning
45.9,71.2,44939,32830,0.0507,2,4208,Warning
40.6,11.5,17765,72196,0.018,0,9358,Healthy
39.7,57.0,10956,44070,0.0087,5,4017,Warning
34.2,56.8,31200,27351,0.0009,4,4374,Warning
40.7,68.2,43955,21685,0.0107,0,4652,Warning
23.8,8.5,8287,76043,0.0404,2,8835,Healthy
37.6,62.7,25884,71393,0.07,3,4548,Warning
41.9,28.1,49554,57200,0.0018,1,7429,Healthy
51.1,50.7,13905,83830,0.03,1,5961,Warning
44.6,77.3,41815,70800,0.006,3,3206,Warning
52.9,70.6,42286,80625,0.0095,2,4124,Warning
58.5,11.9,7675,61223,0.0159,4,8350,Healthy
55.6,59.1,42293,10537,0.1049,2,4680,Warning
49.7,96.9,38846,34605,0.0047,1,2554,Warning
45.1,15.7,47304,5920,0.0028,2,8263,Healthy
35.2,85.3,28193,82537,0.0181,3,3227,Warning
52.4,70.3,9189,10279,0.0384,3,3196,Warning
61.8,77.4,29554,11944,0.0209,2,3063,Warning
48.4,28.2,22574,91154,0.0085,4,7007,Healthy
64.2,28.8,8254,67562,0.0754,1,6960,Healthy
29.7,90.6,41051,45027,0.1061,2,2086,Warning
33.5,36.0,22164,73123,0.0295,0,7342,Healthy
53.6,6.3,27986,9293,0.0324,2,9009,Healthy
47.6,60.1,29498,36882,0.0286,4,4587,Warning
58.1,12.5,36230,2649,0.006,1,9220,Healthy
44.8,79.7,43969,85721,0.0033,5,2773,Warning
36.3,64.2,9746,41847,0.0162,0,4544,Warning
42.9,87.5,25491,53332,0.0616,0,2902,Warning
29.7,78.5,28922,92214,0.0421,3,3063,Warning
33.7,11.2,48623,80051,0.0023,2,8744,Healthy
54.7,38.1,37972,20166,0.0012,2,6425,Healthy
53.7,77.5,22099,3196,0.0414,0,3792,Warning
48.6,41.7,9612,32673,0.019,0,6909,Healthy
27.8,97.2,29440,13126,0.0073,2,1057,Critical
41.4,73.6,16169,47787,0.0165,1,4080,Warning
32.8,1.5,49174,53803,0.005,0,9667,Healthy
56.8,88.0,49123,81350,0.0587,4,1538,Critical
39.2,10.1,4602,45293,0.0351,1,8457,Healthy
34.1,14.1,32336,31791,0.0655,2,8533,Healthy
45.3,73.4,48120,46707,0.0041,1,3836,Warning
38.6,86.5,24107,33984,0.0371,1,3300,Warning
59.8,53.6,21071,88265,0.0164,1,5916,Warning
37.7,28.9,6137,6258,0.0079,2,6923,Healthy
31.0,35.1,42160,64995,0.0131,3,6552,Healthy
23.5,34.3,27461,32751,0.0578,5,6619,Healthy
44.7,32.7,14566,53307,0.0235,2,6707,Healthy
39.4,24.3,33864,97869,0.0089,1,8375,Healthy
30.7,60.9,30683,77219,0.1841,0,4911,Warning
56.9,90.0,9727,81116,0.0085,3,2296,Warning
51.7,30.7,21693,52274,0.0336,0,7531,Healthy
44.7,18.7,20184,75115,0.0307,6,7336,Healthy
58.6,83.9,23249,86762,0.0257,0,3510,Warning
51.6,74.2,37852,52141,0.0221,3,3188,Warning
36.8,93.1,16837,18806,0.0023,0,2599,Warning
34.6,16.6,2418,72314,0.1058,2,8211,Healthy
53.2,14.4,46571,57767,0.0035,4,8130,Healthy
49.0,54.1,45587,57701,0.0181,1,5798,Warning
46.7,61.4,25414,37297,0.0057,2,4681,Warning
36.5,48.0,35387,3563,0.0037,1,6092,Healthy
51.1,59.9,30551,43647,0.0164,7,4288,Warning
37.4,18.0,5527,59327,0.0362,1,8556,Healthy
44.0,48.0,37471,69928,0.0095,0,6175,Healthy
59.5,65.8,24730,84157,0.0016,0,4608,Warning
38.4,43.3,33767,21104,0.0196,3,6308,Healthy
29.3,67.9,26778,26984,0.0291,3,3579,Warning
34.5,45.1,25199,42830,0.007,2,6135,Healthy
54.9,33.4,31734,59821,0.0235,1,7163,Healthy
47.5,30.4,16946,49627,0.0016,2,7293,Healthy
43.7,41.1,17985,16328,0.009,4,6178,Healthy
39.9,2.3,12168,5457,0.0129,2,9250,Healthy
49.9,66.9,17199,19171,0.0305,0,4385,Warning
36.5,84.5,38198,59080,0.0083,1,2636,Warning
48.1,35.5,27973,97339,0.0121,2,6765,Healthy
37.7,4.6,23658,59050,0.0198,1,9719,Healthy
36.0,98.7,30618,74732,0.0196,5,861,Critical
38.6,26.4,9280,78848,0.0146,1,7180,Healthy
41.2,12.7,16695,75631,0.008,2,8341,Healthy
44.5,37.0,23840,75995,0.0222,7,5768,Warning
47.4,73.9,27822,15883,0.0363,2,3653,Warning
20.0,29.4,48341,9392,0.0033,6,6613,Healthy
36.9,57.5,3850,28280,0.0083,1,5426,Warning
41.1,41.6,11981,94757,0.0221,0,6957,Healthy
60.1,11.8,19706,19889,0.0282,1,8596,Healthy
34.2,33.0,16919,45581,0.0304,3,7256,Healthy
46.6,72.5,26577,97405,0.0212,2,3782,Warning
60.0,61.2,28855,98814,0.013,3,4678,Warning
31.9,12.0,25911,13595,0.0208,1,8835,Healthy
48.9,16.3,37797,71257,0.0029,3,8274,Healthy
37.0,64.1,47664,27134,0.0047,2,4318,Warning
40.0,81.3,18444,48739,0.0525,3,2646,Warning
37.0,34.9,20756,4177,0.0511,1,7050,Healthy
37.7,59.5,26482,44279,0.0257,5,4504,Warning
72.2,17.1,31131,48373,0.0079,1,8824,Healthy
53.4,31.1,5913,91584,0.0209,1,7175,Healthy
56.0,2.0,1824,73370,0.0233,1,9882,Healthy
49.9,76.8,1594,45252,0.0145,1,3741,Warning
28.9,40.1,18463,60298,0.0276,0,6783,Healthy
48.9,81.6,21912,38432,0.0006,2,3130,Warning
55.7,70.8,20537,75069,0.0059,2,3918,Warning
36.5,82.9,41305,66320,0.0316,3,2883,Warning
54.7,28.6,30624,88151,0.0558,2,6750,Healthy
52.0,18.5,7260,57263,0.0418,2,7621,Healthy
63.5,97.2,41443,84855,0.0252,4,1188,Critical
40.8,71.7,23693,40791,0.0036,2,4092,Warning
34.0,83.4,384,78748,0.0092,0,3442,Warning
41.4,1.3,48183,99833,0.001,3,9334,Healthy
59.4,35.4,37951,32797,0.0204,1,7328,Healthy
26.7,74.3,20478,31091,0.012,2,3511,Warning
24.3,7.8,8591,23468,0.017,2,9087,Healthy
45.9,56.7,1000,24975,0.0776,2,4874,Warning
40.6,42.9,1559,54103,0.0103,3,5867,Warning
45.1,1.8,13780,19850,0.0073,1,10000,Healthy
54.5,23.6,19405,97520,0.0033,2,7646,Healthy
39.5,28.5,35401,73791,0.0031,4,6990,Healthy
26.3,11.2,32792,99357,0.0146,6,7885,Healthy
65.4,63.2,39447,82687,0.0277,2,4508,Warning
35.0,24.2,17289,80239,0.0166,1,7994,Healthy
34.4,27.8,7695,24019,0.0413,5,6421,Healthy
56.0,89.8,18712,67276,0.0076,3,1880,Critical
41.2,46.7,2021,70195,0.0181,1,6021,Healthy
44.4,39.2,37840,84909,0.0216,1,6574,Healthy
49.8,72.4,2487,11280,0.0066,5,3413,Warning
55.8,91.0,10830,9161,0.0101,3,2408,Warning
41.7,2.5,14930,29012,0.0179,1,9259,Healthy
60.2,44.8,34864,18903,0.0004,4,5299,Warning
23.6,61.1,4925,43483,0.0435,2,4576,Warning
52.6,31.9,5382,43049,0.0024,4,6520,Healthy
36.6,77.2,13969,95585,0.001,1,3642,Warning
58.7,97.1,15551,49219,0.0048,1,2308,Warning
46.4,94.3,32972,71349,0.014,0,2537,Warning
38.3,26.6,41498,76288,0.008,3,7464,Healthy
51.6,22.6,18005,70353,0.0116,1,7842,Healthy
53.9,95.7,34219,25956,0.0018,5,1113,Critical
51.4,45.9,2798,99642,0.0053,0,6133,Healthy
34.7,20.8,20096,58595,0.0021,1,8038,Healthy
40.2,70.7,16992,8961,0.0052,3,3785,Warning
45.0,28.4,48168,28445,0.0243,0,7684,Healthy
44.6,26.7,38178,47190,0.0171,3,7076,Healthy
52.5,87.9,6290,70863,0.0081,2,2557,Warning
24.9,16.2,13266,89407,0.0061,4,7735,Healthy
48.3,6.4,29789,78939,0.1201,1,8801,Healthy
42.1,26.9,35690,20387,0.0292,1,7817,Healthy
36.6,60.7,31704,94572,0.0345,2,4693,Warning
37.6,12.3,49315,30603,0.0005,1,8837,Healthy
42.9,47.2,4021,80436,0.0012,5,5300,Warning
20.0,62.7,29091,35343,0.0249,2,4509,Warning
38.0,84.9,17343,50964,0.0043,4,2495,Warning
36.2,23.0,43887,80226,0.0111,3,8134,Healthy
50.3,81.7,34415,84704,0.0041,1,3598,Warning
36.9,23.5,32135,32369,0.0039,1,7702,Healthy
42.8,67.7,34944,48352,0.0023,0,4056,Warning
60.4,43.1,46830,45801,0.018,1,6632,Healthy
54.9,11.5,16920,47991,0.0269,1,9000,Healthy
54.0,71.4,22569,47869,0.0012,2,4045,Warning
40.0,21.8,46776,75031,0.0064,1,7881,Healthy
50.4,17.7,36525,47831,0.0215,1,8182,Healthy
42.7,35.8,835,29411,0.01,0,7170,Healthy
43.0,65.3,7314,7021,0.0244,2,4454,Warning
49.1,23.4,24068,39623,0.0285,0,8714,Healthy
39.0,18.4,44724,53371,0.0007,3,8175,Healthy
59.9,1.0,36962,32014,0.0096,0,9987,Healthy
43.4,47.2,4828,38039,0.0261,2,4969,Warning
51.2,42.9,36597,35964,0.0095,3,6037,Healthy
59.6,23.4,7341,45726,0.0001,2,7773,Healthy
55.3,5.4,17560,46731,0.0082,1,9025,Healthy
30.9,42.9,10572,71832,0.0412,3,6110,Healthy
49.4,78.8,34698,34076,0.0607,6,2827,Warning
53.5,71.5,42958,3793,0.0164,2,4443,Warning
53.9,86.1,17157,3959,0.0073,4,2346,Warning
33.9,1.0,49800,19303,0.0125,8,8149,Healthy
38.4,96.6,14532,70260,0.0054,1,2433,Warning
54.9,34.1,33763,8071,0.0037,1,6834,Healthy
37.4,99.0,19053,88783,0.0136,5,1118,Critical
42.0,25.3,17397,26272,0.0267,4,6802,Healthy
60.8,47.2,40141,54219,0.005,2,6163,Healthy
44.5,35.4,6796,14671,0.0481,3,6343,Healthy
37.7,35.6,29447,75753,0.0037,0,7417,Healthy
36.2,84.2,21349,81447,0.0163,2,2868,Warning
48.3,74.6,19757,72273,0.03,3,3573,Warning
31.7,99.2,23060,9736,0.0048,4,1171,Critical
42.5,61.4,47910,43613,0.007,3,4584,Warning
48.3,46.3,47768,47427,0.0011,3,5979,Warning
58.0,9.0,45302,38587,0.0576,3,8479,Healthy
51.7,99.7,18006,18751,0.0133,0,2129,Warning
37.9,55.2,40345,87821,0.0013,2,5563,Warning
56.8,70.0,2902,91223,0.0355,0,4100,Warning
42.0,40.7,35990,14350,0.0168,2,6132,Healthy
32.6,54.8,45650,85736,0.0011,3,4804,Warning
43.3,94.3,35324,46503,0.012,2,1981,Critical
59.4,16.6,18133,84018,0.0114,1,8021,Healthy
46.7,29.2,35188,5449,0.0032,1,7489,Healthy
45.1,15.2,43565,31081,0.0109,0,9300,Healthy
61.4,79.2,17627,72608,0.0066,2,3294,Warning
30.7,6.2,12064,27053,0.0241,3,9506,Healthy
32.1,8.2,41105,30233,0.0001,1,8683,Healthy
28.8,29.8,19798,78625,0.0022,1,7051,Healthy
48.7,51.4,4506,50290,0.0502,2,4932,Warning
46.7,40.6,29102,76150,0.0114,2,5561,Warning
60.4,4.5,28782,1145,0.0039,1,9467,Healthy
47.4,95.7,7691,71920,0.0315,0,1969,Critical
41.0,95.3,3219,23552,0.0382,6,485,Critical
45.0,27.9,21973,78497,0.0047,2,7258,Healthy
46.2,73.2,36379,27074,0.025,3,3531,Warning
28.3,57.9,36696,82509,0.0191,1,5250,Warning
72.1,23.7,17049,47971,0.0273,3,7425,Healthy
50.2,26.2,7751,48404,0.031,3,7443,Healthy
47.1,49.1,26996,81457,0.0216,2,5368,Warning
51.2,41.9,31760,60210,0.0626,2,5881,Warning
52.1,29.1,41960,99354,0.0399,1,7806,Healthy
43.6,80.8,10470,5724,0.0052,3,3428,Warning
38.7,48.1,44652,46818,0.049,1,5498,Warning
51.0,65.5,35639,38849,0.0089,5,3821,Warning
48.9,18.9,6877,62066,0.0259,3,7590,Healthy
36.9,53.4,213,53830,0.0377,3,4792,Warning
59.2,31.8,631,9935,0.0115,1,7314,Healthy
47.9,52.6,9814,69515,0.0011,2,5468,Warning
52.3,78.1,3510,75173,0.0598,2,3161,Warning
58.9,76.9,9336,59484,0.0015,1,3537,Warning
45.2,35.4,24708,92564,0.0086,2,6423,Healthy
48.2,69.4,8424,35901,0.0181,3,4164,Warning
53.1,94.1,11259,69537,0.0025,1,2242,Warning
37.8,62.6,34594,1389,0.0364,2,4280,Warning
45.5,14.8,41085,9265,0.0045,2,8393,Healthy
46.3,68.0,32207,56898,0.0854,4,3581,Warning
35.4,10.5,35516,14697,0.0496,3,8274,Healthy
68.2,87.2,31935,37428,0.0186,0,2740,Warning
30.9,51.7,45700,37319,0.0216,1,5347,Warning
32.0,38.5,9553,51882,0.0153,1,6372,Healthy
58.1,5.7,34933,54837,0.0099,4,8749,Healthy
52.1,38.1,28021,64822,0.0087,2,6442,Healthy
34.7,90.3,1033,57027,0.0444,0,3343,Warning
51.1,2.1,31108,72233,0.0172,3,9410,Healthy
59.7,47.5,1150,79568,0.0347,3,5648,Warning
44.7,93.1,25492,2783,0.0144,3,1842,Critical
71.0,39.5,32277,38252,0.0073,3,6138,Healthy
27.8,42.8,39984,83031,0.0019,0,6135,Healthy
51.9,57.9,22951,64946,0.0078,1,4806,Warning
56.7,46.3,11206,58281,0.0424,2,5527,Warning
53.9,16.9,6978,97759,0.0249,1,7943,Healthy
43.0,1.9,892,40105,0.0308,1,9596,Healthy
42.1,61.0,11467,89526,0.0297,4,3806,Warning
49.4,92.1,38831,47000,0.0026,3,2122,Warning
53.2,10.6,9647,9215,0.0035,1,8891,Healthy
51.0,21.1,34253,63406,0.0076,0,8778,Healthy
55.4,37.0,28668,80775,0.0072,0,7113,Healthy
34.8,80.9,42431,23370,0.0014,2,2791,Warning
42.7,26.9,24407,32841,0.0033,1,7236,Healthy
35.6,88.2,4238,29971,0.0388,1,3154,Warning
41.1,5.5,47212,12090,0.0178,3,8674,Healthy
55.2,94.1,7793,19145,0.0084,0,2263,Warning
46.1,56.1,11494,1523,0.015,2,4983,Warning
71.1,65.9,23976,92191,0.0061,1,4509,Warning
46.9,36.8,39195,25397,0.0175,1,7291,Healthy
45.6,78.2,3453,15937,0.0016,2,3391,Warning
46.1,16.7,46232,77354,0.0466,2,8242,Healthy
38.6,4.9,15305,44291,0.0055,2,9178,Healthy
44.4,39.6,4728,32075,0.0342,2,6421,Healthy
56.3,85.4,30090,48698,0.0216,0,3392,Warning
46.1,75.5,38195,62119,0.0148,1,3590,Warning
37.1,51.7,27723,11119,0.0531,3,5059,Warning
35.7,57.2,47149,60824,0.0034,0,5711,Warning
40.5,13.0,21533,20641,0.0025,6,7591,Healthy
45.7,84.1,49320,67320,0.0078,2,2671,Warning
56.9,78.7,10158,28594,0.0355,2,3637,Warning
31.6,65.6,26624,14966,0.0007,1,4456,Warning
41.8,46.6,12193,38621,0.0055,0,6230,Healthy
46.4,96.4,16784,66939,0.0111,3,1569,Critical
26.7,87.9,28798,42637,0.025,1,2582,Warning
36.7,64.4,48855,16865,0.0071,1,4545,Warning
38.2,37.2,19084,88430,0.0119,1,6730,Healthy
37.0,61.8,15007,16471,0.0082,3,4715,Warning
46.9,57.5,13021,43975,0.0019,2,4726,Warning
43.4,39.4,20502,31859,0.0268,3,6805,Healthy
39.4,30.7,46894,33680,0.0124,2,6935,Healthy
49.3,40.7,3182,72675,0.0335,2,6571,Healthy
62.2,57.4,7174,30712,0.0237,1,4757,Warning
61.4,42.8,29430,52067,0.0012,4,5574,Warning
25.8,26.4,17723,85006,0.0139,1,7611,Healthy
50.8,76.1,43428,31856,0.0939,5,2558,Warning
43.2,53.1,559,22455,0.0074,4,5115,Warning
46.6,6.8,2901,26640,0.0136,1,9414,Healthy
41.0,36.8,28931,58324,0.0211,2,6420,Healthy
46.2,88.5,16947,39825,0.0045,1,2172,Warning
46.5,75.5,1097,76503,0.0242,0,4122,Warning
39.2,32.3,22125,55932,0.0216,1,7216,Healthy
36.0,93.8,32479,78068,0.0094,0,2340,Warning
40.5,7.7,6484,81162,0.0067,2,8807,Healthy
47.3,96.1,13323,68918,0.0503,2,1649,Critical
51.0,24.6,48167,45203,0.0027,2,7886,Healthy
53.5,0.9,11298,13305,0.0113,2,9415,Healthy
40.1,43.4,34546,4900,0.0291,3,6314,Healthy
47.8,35.9,33732,42114,0.0032,4,7036,Healthy
54.6,53.9,9482,92589,0.054,4,5032,Warning
56.7,79.7,24220,82600,0.0149,1,4088,Warning
44.4,84.2,35565,21009,0.0141,2,3058,Warning
42.8,40.1,27050,66800,0.011,2,6270,Healthy
46.9,43.0,44975,21019,0.0404,3,6413,Healthy
33.5,14.8,30068,64174,0.0593,0,8708,Healthy
43.1,4.8,3026,76594,0.0096,1,10000,Healthy
52.4,64.1,15835,16675,0.0156,0,4702,Warning
51.4,6.4,14323,61142,0.0076,3,9156,Healthy
42.3,73.4,40410,60623,0.0092,0,4122,Warning
47.2,53.9,37297,27447,0.0006,2,4966,Warning
36.8,19.9,15462,14714,0.0308,3,7512,Healthy
52.0,54.0,46799,87458,0.0697,3,4293,Warning
44.2,18.3,40086,72835,0.0294,1,8287,Healthy
42.2,43.9,23509,98057,0.0146,0,6632,Healthy
41.4,80.0,2497,80545,0.0351,0,2919,Warning
44.4,46.2,14551,10474,0.039,0,5330,Warning
40.5,14.9,5914,29856,0.0157,2,8126,Healthy
51.6,72.4,22988,50716,0.0553,2,3784,Warning
41.0,18.7,7622,19340,0.0006,3,7606,Healthy
60.9,73.9,22269,50998,0.0002,0,4138,Warning
59.7,47.9,20482,60071,0.0017,3,5388,Warning
36.1,45.4,15688,7497,0.0012,2,5549,Warning
45.7,85.1,45227,75410,0.0111,2,2994,Warning
38.5,70.9,15862,37400,0.0564,2,3967,Warning
41.7,3.3,15677,2953,0.0225,4,8801,Healthy
65.0,29.6,21031,1038,0.0215,2,6646,Healthy
41.9,87.1,10070,76651,0.0097,4,2059,Warning
48.6,1.8,39378,31093,0.0153,0,9565,Healthy
50.4,54.5,20145,2803,0.0073,3,4862,Warning
35.0,72.8,47873,56073,0.0146,2,3502,Warning
36.4,62.2,16019,58884,0.0275,1,4692,Warning
32.9,76.1,44429,51043,0.0164,1,3593,Warning
36.1,72.6,27771,84592,0.0109,1,4242,Warning
20.0,69.2,10449,35527,0.0373,1,4006,Warning
50.4,82.2,49303,72651,0.0068,3,2845,Warning
65.5,64.6,6158,31968,0.0131,2,4144,Warning
46.5,40.2,44421,55186,0.0765,1,6284,Healthy
30.8,47.2,3615,74727,0.0684,3,5358,Warning
38.6,71.7,3430,99614,0.0001,1,4335,Warning
40.4,87.6,34542,63675,0.0152,4,2059,Warning
34.8,27.2,43925,89768,0.0082,2,7358,Healthy
53.6,34.2,17845,24440,0.0069,2,6709,Healthy
53.1,93.1,9078,36981,0.0181,3,1890,Critical
33.4,57.9,17039,69740,0.0118,1,5105,Warning
52.3,17.9,15364,34478,0.0264,0,8376,Healthy
60.3,66.4,26715,14711,0.0006,3,3503,Warning
64.0,99.1,32265,49366,0.0523,4,1040,Critical
73.7,82.3,47462,37013,0.0168,3,2829,Warning
36.0,74.6,42822,76214,0.023,2,3813,Warning
73.2,20.8,34980,90211,0.0186,1,7656,Healthy
41.5,87.6,18694,83911,0.0904,5,1493,Critical
39.1,52.6,15623,16316,0.0858,0,5521,Warning
48.3,88.9,1801,32941,0.0188,2,2323,Warning
39.2,33.0,32858,94882,0.023,4,5861,Warning
49.0,6.2,35580,16120,0.0193,2,9076,Healthy
31.8,47.6,27083,23344,0.0074,3,5863,Warning
42.6,27.0,35184,52700,0.0043,1,7398,Healthy
57.9,71.5,47527,32089,0.0103,6,3006,Warning
44.4,95.7,39337,46486,0.023,3,1798,Critical
46.4,69.1,34478,52586,0.0012,3,3811,Warning
49.8,88.7,20836,72146,0.0144,2,2286,Warning
56.7,45.3,6443,94976,0.0105,4,5374,Warning
28.4,77.2,15897,35085,0.015,1,3586,Warning
50.8,84.3,42187,72649,0.0394,3,2806,Warning
42.3,71.1,21975,37587,0.001,1,4099,Warning
46.7,50.8,41964,7731,0.0288,1,5956,Warning
55.6,62.6,41223,11714,0.022,2,4500,Warning
33.1,70.1,9428,68913,0.0046,1,4128,Warning
34.9,25.3,37578,98243,0.0265,3,7695,Healthy
25.6,81.0,2125,1647,0.0137,0,3225,Warning
39.5,95.0,205,49889,0.0131,0,2586,Warning
58.3,46.5,29470,8109,0.0132,1,6124,Healthy
43.8,70.1,20943,10237,0.0596,2,3737,Warning
31.6,73.7,19576,37251,0.0578,2,3302,Warning
40.1,66.2,43081,41402,0.049,2,4236,Warning
30.1,54.7,42212,6106,0.0436,6,4409,Warning
33.7,88.2,48710,58830,0.0008,0,3348,Warning
48.9,44.9,798,51275,0.0102,3,5833,Warning
33.3,6.1,28543,45186,0.0451,2,8575,Healthy
56.1,84.5,44330,49081,0.0281,3,2675,Warning
44.3,67.4,41806,50374,0.0122,1,4759,Warning
45.9,84.9,38939,1595,0.0297,3,2591,Warning
42.2,13.9,22223,86247,0.0047,3,8371,Healthy
52.7,3.1,42020,65762,0.0183,2,8753,Healthy
52.8,93.4,19975,86705,0.0152,4,1991,Critical
48.4,14.8,3397,83415,0.017,1,8339,Healthy
50.6,81.0,308,22565,0.0256,1,2905,Warning
42.9,82.3,19800,49344,0.0598,2,2749,Warning
50.4,70.9,21891,37929,0.0061,0,4340,Warning
41.6,13.1,7333,82217,0.0284,1,8482,Healthy
45.0,66.7,1991,85203,0.0207,2,4422,Warning
42.3,88.9,47694,10587,0.0238,2,2055,Warning
40.4,42.6,36374,6182,0.0112,4,5803,Warning
38.1,41.4,2139,39229,0.0579,2,5949,Warning
49.7,44.3,19773,87188,0.0131,3,5740,Warning
58.1,8.2,42512,59960,0.0026,4,8905,Healthy
56.7,89.2,39513,73588,0.0228,2,2504,Warning
32.4,86.9,28536,57898,0.0028,3,2458,Warning
57.9,99.8,34485,16968,0.0078,3,1090,Critical
41.8,58.5,8286,90567,0.0052,1,5010,Warning
51.0,75.1,534,73120,0.0155,3,3169,Warning
35.9,20.3,10619,44348,0.0085,3,7128,Healthy
46.4,66.8,18130,19663,0.0035,4,3935,Warning
48.1,65.0,11455,72091,0.0313,2,3971,Warning
30.2,90.1,14428,68705,0.0126,3,2058,Warning
51.1,83.1,5358,78064,0.0121,2,2976,Warning
58.5,93.8,45822,67044,0.0435,3,1619,Critical
43.3,86.9,7290,52016,0.0155,0,2684,Warning
58.6,86.9,22579,16023,0.0248,3,2561,Warning
43.1,6.4,20927,45807,0.008,0,9006,Healthy
53.5,84.6,48464,2699,0.0165,1,2733,Warning
22.8,60.7,45338,36707,0.0259,0,5098,Warning
69.2,38.0,10847,85333,0.007,3,6277,Healthy
60.0,5.7,31017,70731,0.0233,2,9001,Healthy
42.2,67.8,30477,1506,0.0168,2,4552,Warning
25.3,32.8,45056,7614,0.0114,4,6698,Healthy
47.9,46.8,40581,95831,0.025,3,5828,Warning
30.6,68.2,33248,83563,0.0076,3,3700,Warning
49.4,91.2,41884,14527,0.0251,3,2520,Warning
49.1,82.5,23657,93832,0.016,1,2963,Warning
35.6,45.1,44435,94490,0.0056,3,5863,Warning
56.2,38.8,34505,78477,0.0221,5,5935,Warning
53.1,24.0,12579,30689,0.0432,2,7420,Healthy
54.8,37.2,24027,681,0.0074,1,6423,Healthy
45.1,11.1,33392,13312,0.0335,3,8380,Healthy
30.8,97.1,19591,23216,0.0082,3,1442,Critical
54.8,57.4,1193,40718,0.0344,1,4762,Warning
42.3,12.8,31108,27133,0.0011,1,8549,Healthy
31.1,35.3,204,11439,0.0001,1,7165,Healthy
58.5,54.7,18223,10572,0.0024,1,5155,Warning
66.0,53.3,27036,74882,0.0414,0,5864,Warning
44.6,3.6,18160,69722,0.0153,1,9604,Healthy
66.6,95.1,24388,96034,0.018,1,2243,Warning
45.9,27.5,43414,27275,0.0369,1,8166,Healthy
41.2,1.6,24511,85251,0.001,2,9224,Healthy
38.7,7.6,37784,94020,0.0098,2,9063,Healthy
61.4,58.0,45191,91333,0.0206,4,4492,Warning
37.2,13.8,13436,52900,0.0104,1,8650,Healthy
52.4,4.2,38024,32119,0.0007,3,8238,Healthy
39.4,38.0,11726,30052,0.0211,1,6504,Healthy
40.4,62.3,3601,62517,0.0099,5,3822,Warning
55.3,11.2,16950,25385,0.0004,2,8664,Healthy
41.2,31.3,35812,83445,0.0037,3,6426,Healthy
41.0,41.8,20778,70448,0.0049,1,6360,Healthy
56.3,15.9,16005,46575,0.0143,1,8209,Healthy
61.0,50.6,1691,86063,0.0041,1,5409,Warning
51.4,8.5,13622,74595,0.009,1,8513,Healthy
38.5,4.7,16253,5150,0.0278,2,8712,Healthy
39.9,52.0,36940,76880,0.033,1,5440,Warning
45.8,24.8,3672,18133,0.0317,3,7617,Healthy
48.2,9.5,38846,37843,0.0238,2,8737,Healthy
35.1,42.4,33161,96529,0.0156,4,5746,Warning
52.2,91.5,25597,24331,0.016,3,2152,Warning
45.9,72.4,22342,61939,0.0613,3,3234,Warning
27.8,81.6,1438,37377,0.0421,1,2843,Warning
35.7,87.2,16251,47631,0.021,2,2673,Warning
40.0,97.3,27090,45697,0.0126,4,1304,Critical
44.3,76.3,15480,61535,0.0261,2,3619,Warning
63.9,60.8,31135,57621,0.0013,0,4878,Warning
47.4,36.5,45913,2282,0.0579,1,7041,Healthy
36.6,18.2,26217,86988,0.0159,5,7204,Healthy
47.2,68.7,2598,96255,0.014,2,4096,Warning
41.5,99.5,47981,42667,0.0069,4,1378,Critical
48.2,46.7,25583,4912,0.0001,2,5556,Warning
50.8,72.4,5828,96092,0.0013,0,3756,Warning
57.1,49.5,18977,95152,0.0061,2,5351,Warning
44.8,43.2,26803,60187,0.0156,1,6241,Healthy
61.4,41.0,3188,48355,0.0017,1,6384,Healthy
54.1,50.5,39149,96669,0.0715,2,5839,Warning
37.9,36.7,23279,80634,0.0106,1,6560,Healthy
67.1,74.9,48054,58690,0.0076,1,4081,Warning
48.3,87.4,22111,11116,0.0149,1,3037,Warning
36.6,88.3,12939,37948,0.0013,5,1844,Critical
61.5,22.8,23725,65079,0.038,3,6978,Healthy
65.8,89.6,18581,33738,0.0123,3,1933,Critical
